City,Category,Link,page_status,status_code,update_time
farmington,Basement Renovation,https://homestars.com/on/farmington/basement-renovation,"{""category"":""Client error"",""reason"":""Not Found"",""message"":""Client error: (404) Not Found""}",,2022-11-16T12:54:29Z
farmington,Bathroom Renovation,https://homestars.com/on/farmington/bathroom-renovation,"{""category"":""Client error"",""reason"":""Not Found"",""message"":""Client error: (404) Not Found""}",,2022-11-16T12:54:29Z
farmington,Condominium Renovations,https://homestars.com/on/farmington/condominium-renovations,"{""category"":""Client error"",""reason"":""Not Found"",""message"":""Client error: (404) Not Found""}",,2022-11-16T12:54:29Z
farmington,Decks,https://homestars.com/on/farmington/patios-decks,"{""category"":""Client error"",""reason"":""Not Found"",""message"":""Client error: (404) Not Found""}",,2022-11-16T12:54:29Z
farmington,Demolition,https://homestars.com/on/farmington/demolition,"{""category"":""Client error"",""reason"":""Not Found"",""message"":""Client error: (404) Not Found""}",,2022-11-16T12:54:29Z
farmington,"Elevators, Lifts & Ramps Installation & Service",https://homestars.com/on/farmington/elevators-lifts-ramps,"{""category"":""Client error"",""reason"":""Not Found"",""message"":""Client error: (404) Not Found""}",,2022-11-16T12:54:29Z
farmington,Historical Restoration,https://homestars.com/on/farmington/historical-restoration,"{""category"":""Client error"",""reason"":""Not Found"",""message"":""Client error: (404) Not Found""}",,2022-11-16T12:54:29Z
farmington,Home Additions,https://homestars.com/on/farmington/home-additions,"{""category"":""Client error"",""reason"":""Not Found"",""message"":""Client error: (404) Not Found""}",,2022-11-16T12:54:29Z
farmington,Home Inspection,https://homestars.com/on/farmington/home-inspection,"{""category"":""Client error"",""reason"":""Not Found"",""message"":""Client error: (404) Not Found""}",,2022-11-16T12:54:29Z
farmington,Home Office Renovation,https://homestars.com/on/farmington/home-office-renovation,"{""category"":""Client error"",""reason"":""Not Found"",""message"":""Client error: (404) Not Found""}",,2022-11-16T12:54:29Z
farmington,Kitchen Planning & Renovation,https://homestars.com/on/farmington/kitchen-planning-renovation,"{""category"":""Client error"",""reason"":""Not Found"",""message"":""Client error: (404) Not Found""}",,2022-11-16T12:54:29Z
farmington,Renovation Cleaning,https://homestars.com/on/farmington/renovation-cleaning,"{""category"":""Client error"",""reason"":""Not Found"",""message"":""Client error: (404) Not Found""}",,2022-11-16T12:54:29Z
farmington,Architects,https://homestars.com/on/farmington/architects,"{""category"":""Client error"",""reason"":""Not Found"",""message"":""Client error: (404) Not Found""}",,2022-11-16T12:54:29Z
farmington,Builders,https://homestars.com/on/farmington/builders,"{""category"":""Client error"",""reason"":""Not Found"",""message"":""Client error: (404) Not Found""}",,2022-11-16T12:54:29Z
farmington,Concrete Contractors,https://homestars.com/on/farmington/concrete-contractors,"{""category"":""Client error"",""reason"":""Not Found"",""message"":""Client error: (404) Not Found""}",,2022-11-16T12:54:29Z
farmington,Design/Build,https://homestars.com/on/farmington/design-build,"{""category"":""Client error"",""reason"":""Not Found"",""message"":""Client error: (404) Not Found""}",,2022-11-16T12:54:29Z
farmington,Design/Project Management,https://homestars.com/on/farmington/design-project-management,"{""category"":""Client error"",""reason"":""Not Found"",""message"":""Client error: (404) Not Found""}",,2022-11-16T12:54:29Z
farmington,Drafting Service,https://homestars.com/on/farmington/drafting-service,"{""category"":""Client error"",""reason"":""Not Found"",""message"":""Client error: (404) Not Found""}",,2022-11-16T12:54:29Z
farmington,General Contractors,https://homestars.com/on/farmington/general-contractors,"{""category"":""Client error"",""reason"":""Not Found"",""message"":""Client error: (404) Not Found""}",,2022-11-16T12:54:29Z
farmington,Renovation Advisors,https://homestars.com/on/farmington/renovation-advisors,"{""category"":""Client error"",""reason"":""Not Found"",""message"":""Client error: (404) Not Found""}",,2022-11-16T12:54:29Z
farmington,Structural Engineering,https://homestars.com/on/farmington/structural-engineering,"{""category"":""Client error"",""reason"":""Not Found"",""message"":""Client error: (404) Not Found""}",,2022-11-16T12:54:29Z
farmington,Surveyors,https://homestars.com/on/farmington/surveyors,"{""category"":""Client error"",""reason"":""Not Found"",""message"":""Client error: (404) Not Found""}",,2022-11-16T12:54:29Z
farmington,Bathroom & Kitchen - Fixtures & Accessories,https://homestars.com/on/farmington/bathroom-kitchen-fixtures-accessories,"{""category"":""Client error"",""reason"":""Not Found"",""message"":""Client error: (404) Not Found""}",,2022-11-16T12:54:29Z
farmington,Cabinetry & Millwork,https://homestars.com/on/farmington/cabinetry-millwork,"{""category"":""Client error"",""reason"":""Not Found"",""message"":""Client error: (404) Not Found""}",,2022-11-16T12:54:29Z
farmington,Carpenters,https://homestars.com/on/farmington/carpenters,"{""category"":""Client error"",""reason"":""Not Found"",""message"":""Client error: (404) Not Found""}",,2022-11-16T12:54:29Z
farmington,Closet & Storage Solutions,https://homestars.com/on/farmington/closet-storage-solutions,"{""category"":""Client error"",""reason"":""Not Found"",""message"":""Client error: (404) Not Found""}",,2022-11-16T12:54:29Z
farmington,Decks,https://homestars.com/on/farmington/patios-decks,"{""category"":""Client error"",""reason"":""Not Found"",""message"":""Client error: (404) Not Found""}",,2022-11-16T12:54:29Z
farmington,"Elevators, Lifts & Ramps Installation & Service",https://homestars.com/on/farmington/elevators-lifts-ramps,"{""category"":""Client error"",""reason"":""Not Found"",""message"":""Client error: (404) Not Found""}",,2022-11-16T12:54:29Z
farmington,Framing,https://homestars.com/on/farmington/framing,"{""category"":""Client error"",""reason"":""Not Found"",""message"":""Client error: (404) Not Found""}",,2022-11-16T12:54:29Z
farmington,Kitchen & Bathroom - Cabinets & Design,https://homestars.com/on/farmington/kitchen-bathroom-cabinets-design,"{""category"":""Client error"",""reason"":""Not Found"",""message"":""Client error: (404) Not Found""}",,2022-11-16T12:54:29Z
farmington,Railings,https://homestars.com/on/farmington/railings,"{""category"":""Client error"",""reason"":""Not Found"",""message"":""Client error: (404) Not Found""}",,2022-11-16T12:54:29Z
farmington,Stair Builders,https://homestars.com/on/farmington/stair-builders,"{""category"":""Client error"",""reason"":""Not Found"",""message"":""Client error: (404) Not Found""}",,2022-11-16T12:54:29Z
farmington,Woodworking,https://homestars.com/on/farmington/woodworking,"{""category"":""Client error"",""reason"":""Not Found"",""message"":""Client error: (404) Not Found""}",,2022-11-16T12:54:29Z
farmington,Blinds Cleaning & Repairing,https://homestars.com/on/farmington/blinds-cleaning-repairing,"{""category"":""Client error"",""reason"":""Not Found"",""message"":""Client error: (404) Not Found""}",,2022-11-16T12:54:29Z
farmington,Carpet & Rug Cleaning & Repairing,https://homestars.com/on/farmington/carpet-rug-cleaning-repairing,"{""category"":""Client error"",""reason"":""Not Found"",""message"":""Client error: (404) Not Found""}",,2022-11-16T12:54:29Z
farmington,Drapery & Upholstery Cleaning,https://homestars.com/on/farmington/drapery-upholstery-cleaning,"{""category"":""Client error"",""reason"":""Not Found"",""message"":""Client error: (404) Not Found""}",,2022-11-16T12:54:29Z
farmington,Duct Cleaning,https://homestars.com/on/farmington/duct-cleaning,"{""category"":""Client error"",""reason"":""Not Found"",""message"":""Client error: (404) Not Found""}",,2022-11-16T12:54:29Z
farmington,Fire & Water Damage Restoration,https://homestars.com/on/farmington/fire-water-damage-restoration,"{""category"":""Client error"",""reason"":""Not Found"",""message"":""Client error: (404) Not Found""}",,2022-11-16T12:54:29Z
farmington,House & Apartment Cleaning,https://homestars.com/on/farmington/house-apartment-cleaning,"{""category"":""Client error"",""reason"":""Not Found"",""message"":""Client error: (404) Not Found""}",,2022-11-16T12:54:29Z
farmington,House Cleaning Exteriors,https://homestars.com/on/farmington/house-cleaning-exteriors,"{""category"":""Client error"",""reason"":""Not Found"",""message"":""Client error: (404) Not Found""}",,2022-11-16T12:54:29Z
farmington,Junk Removal,https://homestars.com/on/farmington/junk-removal,"{""category"":""Client error"",""reason"":""Not Found"",""message"":""Client error: (404) Not Found""}",,2022-11-16T12:54:29Z
farmington,Renovation Cleaning,https://homestars.com/on/farmington/renovation-cleaning,"{""category"":""Client error"",""reason"":""Not Found"",""message"":""Client error: (404) Not Found""}",,2022-11-16T12:54:29Z
farmington,"Septic Tank Cleaning, Repair & Installation",https://homestars.com/on/farmington/septic-tank-cleaning-repair-installation,"{""category"":""Client error"",""reason"":""Not Found"",""message"":""Client error: (404) Not Found""}",,2022-11-16T12:54:29Z
farmington,Tile and Grout Cleaning,https://homestars.com/on/farmington/tile-and-grout-cleaning,"{""category"":""Client error"",""reason"":""Not Found"",""message"":""Client error: (404) Not Found""}",,2022-11-16T12:54:29Z
farmington,Window & Gutter Cleaning,https://homestars.com/on/farmington/window-gutter-cleaning,"{""category"":""Client error"",""reason"":""Not Found"",""message"":""Client error: (404) Not Found""}",,2022-11-16T12:54:29Z
farmington,Chimney Build & Repair,https://homestars.com/on/farmington/chimney-build-repair,"{""category"":""Client error"",""reason"":""Not Found"",""message"":""Client error: (404) Not Found""}",,2022-11-16T12:54:29Z
farmington,Chimney Sweeps,https://homestars.com/on/farmington/chimney-sweeps,"{""category"":""Client error"",""reason"":""Not Found"",""message"":""Client error: (404) Not Found""}",,2022-11-16T12:54:29Z
farmington,Interlocking Stone,https://homestars.com/on/farmington/interlocking-stone,"{""category"":""Client error"",""reason"":""Not Found"",""message"":""Client error: (404) Not Found""}",,2022-11-16T12:54:29Z
farmington,Masonry & Bricklaying,https://homestars.com/on/farmington/masonry-bricklaying,"{""category"":""Client error"",""reason"":""Not Found"",""message"":""Client error: (404) Not Found""}",,2022-11-16T12:54:29Z
farmington,Tuck Pointing,https://homestars.com/on/farmington/chimney-tuck-pointing,"{""category"":""Client error"",""reason"":""Not Found"",""message"":""Client error: (404) Not Found""}",,2022-11-16T12:54:29Z
farmington,Waterproofing,https://homestars.com/on/farmington/waterproofing,"{""category"":""Client error"",""reason"":""Not Found"",""message"":""Client error: (404) Not Found""}",,2022-11-16T12:54:29Z
farmington,Bathroom & Kitchen - Fixtures & Accessories,https://homestars.com/on/farmington/bathroom-kitchen-fixtures-accessories,"{""category"":""Client error"",""reason"":""Not Found"",""message"":""Client error: (404) Not Found""}",,2022-11-16T12:54:29Z
farmington,"Game Rooms, Entertainment",https://homestars.com/on/farmington/game-rooms-entertainment,"{""category"":""Client error"",""reason"":""Not Found"",""message"":""Client error: (404) Not Found""}",,2022-11-16T12:54:29Z
farmington,Garage Design & Organization,https://homestars.com/on/farmington/garage-design-organization,"{""category"":""Client error"",""reason"":""Not Found"",""message"":""Client error: (404) Not Found""}",,2022-11-16T12:54:29Z
farmington,Home Staging,https://homestars.com/on/farmington/staging,"{""category"":""Client error"",""reason"":""Not Found"",""message"":""Client error: (404) Not Found""}",,2022-11-16T12:54:29Z
farmington,Interior Decorators,https://homestars.com/on/farmington/interior-decorators,"{""category"":""Client error"",""reason"":""Not Found"",""message"":""Client error: (404) Not Found""}",,2022-11-16T12:54:29Z
farmington,Interior Design,https://homestars.com/on/farmington/interior-design,"{""category"":""Client error"",""reason"":""Not Found"",""message"":""Client error: (404) Not Found""}",,2022-11-16T12:54:29Z
farmington,Kitchen & Bathroom - Cabinets & Design,https://homestars.com/on/farmington/kitchen-bathroom-cabinets-design,"{""category"":""Client error"",""reason"":""Not Found"",""message"":""Client error: (404) Not Found""}",,2022-11-16T12:54:29Z
farmington,Alarm Systems,https://homestars.com/on/farmington/alarm-systems,"{""category"":""Client error"",""reason"":""Not Found"",""message"":""Client error: (404) Not Found""}",,2022-11-16T12:54:29Z
farmington,Appliance Repair,https://homestars.com/on/farmington/appliance-repair,"{""category"":""Client error"",""reason"":""Not Found"",""message"":""Client error: (404) Not Found""}",,2022-11-16T12:54:29Z
farmington,Appliance Retailers,https://homestars.com/on/farmington/appliance-retailers,"{""category"":""Client error"",""reason"":""Not Found"",""message"":""Client error: (404) Not Found""}",,2022-11-16T12:54:29Z
farmington,Computer Repairs and Support,https://homestars.com/on/farmington/computer-repairs-service,"{""category"":""Client error"",""reason"":""Not Found"",""message"":""Client error: (404) Not Found""}",,2022-11-16T12:54:29Z
farmington,Electricians,https://homestars.com/on/farmington/electricians,"{""category"":""Client error"",""reason"":""Not Found"",""message"":""Client error: (404) Not Found""}",,2022-11-16T12:54:29Z
farmington,Electronic Repairs,https://homestars.com/on/farmington/electronic-repairs,"{""category"":""Client error"",""reason"":""Not Found"",""message"":""Client error: (404) Not Found""}",,2022-11-16T12:54:29Z
farmington,Home Automation,https://homestars.com/on/farmington/home-automation,"{""category"":""Client error"",""reason"":""Not Found"",""message"":""Client error: (404) Not Found""}",,2022-11-16T12:54:29Z
farmington,Home Theater,https://homestars.com/on/farmington/home-theater,"{""category"":""Client error"",""reason"":""Not Found"",""message"":""Client error: (404) Not Found""}",,2022-11-16T12:54:29Z
farmington,Lighting,https://homestars.com/on/farmington/lighting,"{""category"":""Client error"",""reason"":""Not Found"",""message"":""Client error: (404) Not Found""}",,2022-11-16T12:54:29Z
farmington,Satellite Sales & Service,https://homestars.com/on/farmington/satellite-sales-service,"{""category"":""Client error"",""reason"":""Not Found"",""message"":""Client error: (404) Not Found""}",,2022-11-16T12:54:29Z
farmington,Vacuum Sales & Service,https://homestars.com/on/farmington/vacuum-sales-service,"{""category"":""Client error"",""reason"":""Not Found"",""message"":""Client error: (404) Not Found""}",,2022-11-16T12:54:29Z
farmington,Carpet & Rug Retailers,https://homestars.com/on/farmington/carpet-rug-retailers,"{""category"":""Client error"",""reason"":""Not Found"",""message"":""Client error: (404) Not Found""}",,2022-11-16T12:54:29Z
farmington,Carpet Installers,https://homestars.com/on/farmington/carpet-installers,"{""category"":""Client error"",""reason"":""Not Found"",""message"":""Client error: (404) Not Found""}",,2022-11-16T12:54:29Z
farmington,Concrete Contractors,https://homestars.com/on/farmington/concrete-contractors,"{""category"":""Client error"",""reason"":""Not Found"",""message"":""Client error: (404) Not Found""}",,2022-11-16T12:54:29Z
farmington,Decorative Concrete,https://homestars.com/on/farmington/decorative-concrete,"{""category"":""Client error"",""reason"":""Not Found"",""message"":""Client error: (404) Not Found""}",,2022-11-16T12:54:29Z
farmington,Floor Laying & Refinishing,https://homestars.com/on/farmington/floor-laying-refinishing,"{""category"":""Client error"",""reason"":""Not Found"",""message"":""Client error: (404) Not Found""}",,2022-11-16T12:54:29Z
farmington,Floor Retailers,https://homestars.com/on/farmington/floor-retailers,"{""category"":""Client error"",""reason"":""Not Found"",""message"":""Client error: (404) Not Found""}",,2022-11-16T12:54:29Z
farmington,Interlocking Stone,https://homestars.com/on/farmington/interlocking-stone,"{""category"":""Client error"",""reason"":""Not Found"",""message"":""Client error: (404) Not Found""}",,2022-11-16T12:54:29Z
farmington,Masonry & Bricklaying,https://homestars.com/on/farmington/masonry-bricklaying,"{""category"":""Client error"",""reason"":""Not Found"",""message"":""Client error: (404) Not Found""}",,2022-11-16T12:54:29Z
farmington,Tile & Stone Contractors,https://homestars.com/on/farmington/tile-stone-contractors,"{""category"":""Client error"",""reason"":""Not Found"",""message"":""Client error: (404) Not Found""}",,2022-11-16T12:54:29Z
farmington,Tuck Pointing,https://homestars.com/on/farmington/chimney-tuck-pointing,"{""category"":""Client error"",""reason"":""Not Found"",""message"":""Client error: (404) Not Found""}",,2022-11-16T12:54:29Z
farmington,Excavation,https://homestars.com/on/farmington/excavation-demolition,"{""category"":""Client error"",""reason"":""Not Found"",""message"":""Client error: (404) Not Found""}",,2022-11-16T12:54:29Z
farmington,Foundations,https://homestars.com/on/farmington/foundations,"{""category"":""Client error"",""reason"":""Not Found"",""message"":""Client error: (404) Not Found""}",,2022-11-16T12:54:29Z
farmington,Interlocking Stone,https://homestars.com/on/farmington/interlocking-stone,"{""category"":""Client error"",""reason"":""Not Found"",""message"":""Client error: (404) Not Found""}",,2022-11-16T12:54:29Z
farmington,Masonry & Bricklaying,https://homestars.com/on/farmington/masonry-bricklaying,"{""category"":""Client error"",""reason"":""Not Found"",""message"":""Client error: (404) Not Found""}",,2022-11-16T12:54:29Z
farmington,Tuck Pointing,https://homestars.com/on/farmington/chimney-tuck-pointing,"{""category"":""Client error"",""reason"":""Not Found"",""message"":""Client error: (404) Not Found""}",,2022-11-16T12:54:29Z
farmington,Waterproofing,https://homestars.com/on/farmington/waterproofing,"{""category"":""Client error"",""reason"":""Not Found"",""message"":""Client error: (404) Not Found""}",,2022-11-16T12:54:29Z
farmington,Furniture,https://homestars.com/on/farmington/furniture,"{""category"":""Client error"",""reason"":""Not Found"",""message"":""Client error: (404) Not Found""}",,2022-11-16T12:54:29Z
farmington,Furniture Designers & Custom Builders,https://homestars.com/on/farmington/furniture-designers-custom-builders,"{""category"":""Client error"",""reason"":""Not Found"",""message"":""Client error: (404) Not Found""}",,2022-11-16T12:54:29Z
farmington,Furniture Refinish & Repair,https://homestars.com/on/farmington/furniture-refinish-repair,"{""category"":""Client error"",""reason"":""Not Found"",""message"":""Client error: (404) Not Found""}",,2022-11-16T12:54:29Z
farmington,Furniture Rental,https://homestars.com/on/farmington/furniture-rental,"{""category"":""Client error"",""reason"":""Not Found"",""message"":""Client error: (404) Not Found""}",,2022-11-16T12:54:29Z
farmington,Home Staging,https://homestars.com/on/farmington/staging,"{""category"":""Client error"",""reason"":""Not Found"",""message"":""Client error: (404) Not Found""}",,2022-11-16T12:54:29Z
farmington,Upholsterers,https://homestars.com/on/farmington/upholsterers,"{""category"":""Client error"",""reason"":""Not Found"",""message"":""Client error: (404) Not Found""}",,2022-11-16T12:54:29Z
farmington,Closet & Storage Solutions,https://homestars.com/on/farmington/closet-storage-solutions,"{""category"":""Client error"",""reason"":""Not Found"",""message"":""Client error: (404) Not Found""}",,2022-11-16T12:54:29Z
farmington,Garage Design & Organization,https://homestars.com/on/farmington/garage-design-organization,"{""category"":""Client error"",""reason"":""Not Found"",""message"":""Client error: (404) Not Found""}",,2022-11-16T12:54:29Z
farmington,Garage Doors & Hardware,https://homestars.com/on/farmington/garage-doors-hardware,"{""category"":""Client error"",""reason"":""Not Found"",""message"":""Client error: (404) Not Found""}",,2022-11-16T12:54:29Z
farmington,Junk Removal,https://homestars.com/on/farmington/junk-removal,"{""category"":""Client error"",""reason"":""Not Found"",""message"":""Client error: (404) Not Found""}",,2022-11-16T12:54:29Z
farmington,Moving & Storage,https://homestars.com/on/farmington/moving-storage,"{""category"":""Client error"",""reason"":""Not Found"",""message"":""Client error: (404) Not Found""}",,2022-11-16T12:54:29Z
farmington,Organizing Products & Services,https://homestars.com/on/farmington/organizing-products-services,"{""category"":""Client error"",""reason"":""Not Found"",""message"":""Client error: (404) Not Found""}",,2022-11-16T12:54:29Z
farmington,Electrical Vehicle Charging,https://homestars.com/on/farmington/electrical-vehicle-charging,"{""category"":""Client error"",""reason"":""Not Found"",""message"":""Client error: (404) Not Found""}",,2022-11-16T12:54:29Z
farmington,Green Products & Services,https://homestars.com/on/farmington/green-products-services,"{""category"":""Client error"",""reason"":""Not Found"",""message"":""Client error: (404) Not Found""}",,2022-11-16T12:54:29Z
farmington,Renewable Energy,https://homestars.com/on/farmington/renewable-energy,"{""category"":""Client error"",""reason"":""Not Found"",""message"":""Client error: (404) Not Found""}",,2022-11-16T12:54:29Z
farmington,Skylight Installation & Repair,https://homestars.com/on/farmington/skylights,"{""category"":""Client error"",""reason"":""Not Found"",""message"":""Client error: (404) Not Found""}",,2022-11-16T12:54:29Z
farmington,Solar Panels,https://homestars.com/on/farmington/solar-panels,"{""category"":""Client error"",""reason"":""Not Found"",""message"":""Client error: (404) Not Found""}",,2022-11-16T12:54:29Z
farmington,Solar Water Heating,https://homestars.com/on/farmington/solar-water-heating,"{""category"":""Client error"",""reason"":""Not Found"",""message"":""Client error: (404) Not Found""}",,2022-11-16T12:54:29Z
farmington,"Sunrooms, Solariums & Greenhouses",https://homestars.com/on/farmington/sunrooms-solariums-greenhouses,"{""category"":""Client error"",""reason"":""Not Found"",""message"":""Client error: (404) Not Found""}",,2022-11-16T12:54:29Z
farmington,Appliance Repair,https://homestars.com/on/farmington/appliance-repair,"{""category"":""Client error"",""reason"":""Not Found"",""message"":""Client error: (404) Not Found""}",,2022-11-16T12:54:29Z
farmington,Building Supplies and Hardware,https://homestars.com/on/farmington/building-supplies-and-hardware,"{""category"":""Client error"",""reason"":""Not Found"",""message"":""Client error: (404) Not Found""}",,2022-11-16T12:54:29Z
farmington,Electricians,https://homestars.com/on/farmington/electricians,"{""category"":""Client error"",""reason"":""Not Found"",""message"":""Client error: (404) Not Found""}",,2022-11-16T12:54:29Z
farmington,Handyman Services,https://homestars.com/on/farmington/handyman-services,"{""category"":""Client error"",""reason"":""Not Found"",""message"":""Client error: (404) Not Found""}",,2022-11-16T12:54:29Z
farmington,Lighting,https://homestars.com/on/farmington/lighting,"{""category"":""Client error"",""reason"":""Not Found"",""message"":""Client error: (404) Not Found""}",,2022-11-16T12:54:29Z
farmington,Paint & Wallpaper Contractors,https://homestars.com/on/farmington/paint-wallpaper-contractors,"{""category"":""Client error"",""reason"":""Not Found"",""message"":""Client error: (404) Not Found""}",,2022-11-16T12:54:29Z
farmington,Plumbing,https://homestars.com/on/farmington/plumbing,"{""category"":""Client error"",""reason"":""Not Found"",""message"":""Client error: (404) Not Found""}",,2022-11-16T12:54:29Z
farmington,BBQ Equipment & Service,https://homestars.com/on/farmington/bbq-equipment-service,"{""category"":""Client error"",""reason"":""Not Found"",""message"":""Client error: (404) Not Found""}",,2022-11-16T12:54:29Z
farmington,Duct Cleaning,https://homestars.com/on/farmington/duct-cleaning,"{""category"":""Client error"",""reason"":""Not Found"",""message"":""Client error: (404) Not Found""}",,2022-11-16T12:54:29Z
farmington,Fireplace Mantels,https://homestars.com/on/farmington/fireplace-mantels,"{""category"":""Client error"",""reason"":""Not Found"",""message"":""Client error: (404) Not Found""}",,2022-11-16T12:54:29Z
farmington,Fireplaces,https://homestars.com/on/farmington/fireplaces,"{""category"":""Client error"",""reason"":""Not Found"",""message"":""Client error: (404) Not Found""}",,2022-11-16T12:54:29Z
farmington,Gas Line Installation,https://homestars.com/on/farmington/gas-line-installation,"{""category"":""Client error"",""reason"":""Not Found"",""message"":""Client error: (404) Not Found""}",,2022-11-16T12:54:29Z
farmington,Heating & Air Conditioning,https://homestars.com/on/farmington/heating-air-conditioning,"{""category"":""Client error"",""reason"":""Not Found"",""message"":""Client error: (404) Not Found""}",,2022-11-16T12:54:29Z
farmington,BBQ Equipment & Service,https://homestars.com/on/farmington/bbq-equipment-service,"{""category"":""Client error"",""reason"":""Not Found"",""message"":""Client error: (404) Not Found""}",,2022-11-16T12:54:29Z
farmington,Concrete Contractors,https://homestars.com/on/farmington/concrete-contractors,"{""category"":""Client error"",""reason"":""Not Found"",""message"":""Client error: (404) Not Found""}",,2022-11-16T12:54:29Z
farmington,Decks,https://homestars.com/on/farmington/patios-decks,"{""category"":""Client error"",""reason"":""Not Found"",""message"":""Client error: (404) Not Found""}",,2022-11-16T12:54:29Z
farmington,Decorative Concrete,https://homestars.com/on/farmington/decorative-concrete,"{""category"":""Client error"",""reason"":""Not Found"",""message"":""Client error: (404) Not Found""}",,2022-11-16T12:54:29Z
farmington,Excavation,https://homestars.com/on/farmington/excavation-demolition,"{""category"":""Client error"",""reason"":""Not Found"",""message"":""Client error: (404) Not Found""}",,2022-11-16T12:54:29Z
farmington,Fences & Gates,https://homestars.com/on/farmington/fences-gates,"{""category"":""Client error"",""reason"":""Not Found"",""message"":""Client error: (404) Not Found""}",,2022-11-16T12:54:29Z
farmington,Garden Maintenance,https://homestars.com/on/farmington/garden-maintenance,"{""category"":""Client error"",""reason"":""Not Found"",""message"":""Client error: (404) Not Found""}",,2022-11-16T12:54:29Z
farmington,Gazebos & Sheds,https://homestars.com/on/farmington/gazebos-sheds,"{""category"":""Client error"",""reason"":""Not Found"",""message"":""Client error: (404) Not Found""}",,2022-11-16T12:54:29Z
farmington,Interlocking Stone,https://homestars.com/on/farmington/interlocking-stone,"{""category"":""Client error"",""reason"":""Not Found"",""message"":""Client error: (404) Not Found""}",,2022-11-16T12:54:29Z
farmington,Landscape Architects,https://homestars.com/on/farmington/landscape-architects,"{""category"":""Client error"",""reason"":""Not Found"",""message"":""Client error: (404) Not Found""}",,2022-11-16T12:54:29Z
farmington,Landscape Contractors & Designers,https://homestars.com/on/farmington/landscape-contractors-designers,"{""category"":""Client error"",""reason"":""Not Found"",""message"":""Client error: (404) Not Found""}",,2022-11-16T12:54:29Z
farmington,Landscape Lighting,https://homestars.com/on/farmington/landscape-lighting,"{""category"":""Client error"",""reason"":""Not Found"",""message"":""Client error: (404) Not Found""}",,2022-11-16T12:54:29Z
farmington,Lawn Maintenance,https://homestars.com/on/farmington/lawn-maintenance,"{""category"":""Client error"",""reason"":""Not Found"",""message"":""Client error: (404) Not Found""}",,2022-11-16T12:54:29Z
farmington,Masonry & Bricklaying,https://homestars.com/on/farmington/masonry-bricklaying,"{""category"":""Client error"",""reason"":""Not Found"",""message"":""Client error: (404) Not Found""}",,2022-11-16T12:54:29Z
farmington,Sprinkler Systems,https://homestars.com/on/farmington/sprinkler-systems,"{""category"":""Client error"",""reason"":""Not Found"",""message"":""Client error: (404) Not Found""}",,2022-11-16T12:54:29Z
farmington,"Swimming Pools, Spas & Hot Tubs",https://homestars.com/on/farmington/swimming-pools-spas-hot-tubs,"{""category"":""Client error"",""reason"":""Not Found"",""message"":""Client error: (404) Not Found""}",,2022-11-16T12:54:29Z
farmington,Tree Service,https://homestars.com/on/farmington/tree-service,"{""category"":""Client error"",""reason"":""Not Found"",""message"":""Client error: (404) Not Found""}",,2022-11-16T12:54:29Z
farmington,Weed Control,https://homestars.com/on/farmington/weed-control,"{""category"":""Client error"",""reason"":""Not Found"",""message"":""Client error: (404) Not Found""}",,2022-11-16T12:54:29Z
farmington,Closet & Storage Solutions,https://homestars.com/on/farmington/closet-storage-solutions,"{""category"":""Client error"",""reason"":""Not Found"",""message"":""Client error: (404) Not Found""}",,2022-11-16T12:54:29Z
farmington,Junk Removal,https://homestars.com/on/farmington/junk-removal,"{""category"":""Client error"",""reason"":""Not Found"",""message"":""Client error: (404) Not Found""}",,2022-11-16T12:54:29Z
farmington,Moving & Storage,https://homestars.com/on/farmington/moving-storage,"{""category"":""Client error"",""reason"":""Not Found"",""message"":""Client error: (404) Not Found""}",,2022-11-16T12:54:29Z
farmington,Organizing Products & Services,https://homestars.com/on/farmington/organizing-products-services,"{""category"":""Client error"",""reason"":""Not Found"",""message"":""Client error: (404) Not Found""}",,2022-11-16T12:54:29Z
farmington,Piano Moving & Tuning,https://homestars.com/on/farmington/piano-moving-tuning,"{""category"":""Client error"",""reason"":""Not Found"",""message"":""Client error: (404) Not Found""}",,2022-11-16T12:54:29Z
farmington,Self Storage,https://homestars.com/on/farmington/self-storage,"{""category"":""Client error"",""reason"":""Not Found"",""message"":""Client error: (404) Not Found""}",,2022-11-16T12:54:29Z
farmington,Drain Services,https://homestars.com/on/farmington/drain-services,"{""category"":""Client error"",""reason"":""Not Found"",""message"":""Client error: (404) Not Found""}",,2022-11-16T12:54:29Z
farmington,Drainage Contractors,https://homestars.com/on/farmington/drainage-contractors,"{""category"":""Client error"",""reason"":""Not Found"",""message"":""Client error: (404) Not Found""}",,2022-11-16T12:54:29Z
farmington,Excavation,https://homestars.com/on/farmington/excavation-demolition,"{""category"":""Client error"",""reason"":""Not Found"",""message"":""Client error: (404) Not Found""}",,2022-11-16T12:54:29Z
farmington,Plumbing,https://homestars.com/on/farmington/plumbing,"{""category"":""Client error"",""reason"":""Not Found"",""message"":""Client error: (404) Not Found""}",,2022-11-16T12:54:29Z
farmington,"Septic Tank Cleaning, Repair & Installation",https://homestars.com/on/farmington/septic-tank-cleaning-repair-installation,"{""category"":""Client error"",""reason"":""Not Found"",""message"":""Client error: (404) Not Found""}",,2022-11-16T12:54:29Z
farmington,Sprinkler Systems,https://homestars.com/on/farmington/sprinkler-systems,"{""category"":""Client error"",""reason"":""Not Found"",""message"":""Client error: (404) Not Found""}",,2022-11-16T12:54:29Z
farmington,Water Filtration & Purification,https://homestars.com/on/farmington/water-filtration-purification,"{""category"":""Client error"",""reason"":""Not Found"",""message"":""Client error: (404) Not Found""}",,2022-11-16T12:54:29Z
farmington,Gutters & Eavestroughs,https://homestars.com/on/farmington/gutters-eavestroughs,"{""category"":""Client error"",""reason"":""Not Found"",""message"":""Client error: (404) Not Found""}",,2022-11-16T12:54:29Z
farmington,Roofing,https://homestars.com/on/farmington/roofing,"{""category"":""Client error"",""reason"":""Not Found"",""message"":""Client error: (404) Not Found""}",,2022-11-16T12:54:29Z
farmington,Skylight Installation & Repair,https://homestars.com/on/farmington/skylights,"{""category"":""Client error"",""reason"":""Not Found"",""message"":""Client error: (404) Not Found""}",,2022-11-16T12:54:29Z
farmington,Alarm Systems,https://homestars.com/on/farmington/alarm-systems,"{""category"":""Client error"",""reason"":""Not Found"",""message"":""Client error: (404) Not Found""}",,2022-11-16T12:54:29Z
farmington,"Asbestos, Lead, and Radon Removal",https://homestars.com/on/farmington/asbestos-lead-removal,"{""category"":""Client error"",""reason"":""Not Found"",""message"":""Client error: (404) Not Found""}",,2022-11-16T12:54:29Z
farmington,Home Inspection,https://homestars.com/on/farmington/home-inspection,"{""category"":""Client error"",""reason"":""Not Found"",""message"":""Client error: (404) Not Found""}",,2022-11-16T12:54:29Z
farmington,Mold Detection & Removal,https://homestars.com/on/farmington/mold-detection-removal,"{""category"":""Client error"",""reason"":""Not Found"",""message"":""Client error: (404) Not Found""}",,2022-11-16T12:54:29Z
farmington,Pest & Animal Control,https://homestars.com/on/farmington/pest-animal-control,"{""category"":""Client error"",""reason"":""Not Found"",""message"":""Client error: (404) Not Found""}",,2022-11-16T12:54:29Z
farmington,Snow Removal,https://homestars.com/on/farmington/snow-removal,"{""category"":""Client error"",""reason"":""Not Found"",""message"":""Client error: (404) Not Found""}",,2022-11-16T12:54:29Z
farmington,Siding,https://homestars.com/on/farmington/siding,"{""category"":""Client error"",""reason"":""Not Found"",""message"":""Client error: (404) Not Found""}",,2022-11-16T12:54:29Z
farmington,Stucco,https://homestars.com/on/farmington/stucco,"{""category"":""Client error"",""reason"":""Not Found"",""message"":""Client error: (404) Not Found""}",,2022-11-16T12:54:29Z
farmington,Art Metal Work,https://homestars.com/on/farmington/art-metal-work,"{""category"":""Client error"",""reason"":""Not Found"",""message"":""Client error: (404) Not Found""}",,2022-11-16T12:54:29Z
farmington,BBQ Equipment & Service,https://homestars.com/on/farmington/bbq-equipment-service,"{""category"":""Client error"",""reason"":""Not Found"",""message"":""Client error: (404) Not Found""}",,2022-11-16T12:54:29Z
farmington,Decorative Concrete,https://homestars.com/on/farmington/decorative-concrete,"{""category"":""Client error"",""reason"":""Not Found"",""message"":""Client error: (404) Not Found""}",,2022-11-16T12:54:29Z
farmington,"Elevators, Lifts & Ramps Installation & Service",https://homestars.com/on/farmington/elevators-lifts-ramps,"{""category"":""Client error"",""reason"":""Not Found"",""message"":""Client error: (404) Not Found""}",,2022-11-16T12:54:29Z
farmington,Concrete Contractors,https://homestars.com/on/farmington/concrete-contractors,"{""category"":""Client error"",""reason"":""Not Found"",""message"":""Client error: (404) Not Found""}",,2022-11-16T12:54:29Z
farmington,Countertops,https://homestars.com/on/farmington/countertops,"{""category"":""Client error"",""reason"":""Not Found"",""message"":""Client error: (404) Not Found""}",,2022-11-16T12:54:29Z
farmington,Decorative Concrete,https://homestars.com/on/farmington/decorative-concrete,"{""category"":""Client error"",""reason"":""Not Found"",""message"":""Client error: (404) Not Found""}",,2022-11-16T12:54:29Z
farmington,Interlocking Stone,https://homestars.com/on/farmington/interlocking-stone,"{""category"":""Client error"",""reason"":""Not Found"",""message"":""Client error: (404) Not Found""}",,2022-11-16T12:54:29Z
farmington,Masonry & Bricklaying,https://homestars.com/on/farmington/masonry-bricklaying,"{""category"":""Client error"",""reason"":""Not Found"",""message"":""Client error: (404) Not Found""}",,2022-11-16T12:54:29Z
farmington,Paving Contractors,https://homestars.com/on/farmington/paving-contractors,"{""category"":""Client error"",""reason"":""Not Found"",""message"":""Client error: (404) Not Found""}",,2022-11-16T12:54:29Z
farmington,Tile & Stone Contractors,https://homestars.com/on/farmington/tile-stone-contractors,"{""category"":""Client error"",""reason"":""Not Found"",""message"":""Client error: (404) Not Found""}",,2022-11-16T12:54:29Z
farmington,Tile and Grout Cleaning,https://homestars.com/on/farmington/tile-and-grout-cleaning,"{""category"":""Client error"",""reason"":""Not Found"",""message"":""Client error: (404) Not Found""}",,2022-11-16T12:54:29Z
farmington,Tuck Pointing,https://homestars.com/on/farmington/chimney-tuck-pointing,"{""category"":""Client error"",""reason"":""Not Found"",""message"":""Client error: (404) Not Found""}",,2022-11-16T12:54:29Z
farmington,Drywall Contractors,https://homestars.com/on/farmington/drywall-contractors,"{""category"":""Client error"",""reason"":""Not Found"",""message"":""Client error: (404) Not Found""}",,2022-11-16T12:54:29Z
farmington,Insulation,https://homestars.com/on/farmington/insulation,"{""category"":""Client error"",""reason"":""Not Found"",""message"":""Client error: (404) Not Found""}",,2022-11-16T12:54:29Z
farmington,Paint & Wallpaper Contractors,https://homestars.com/on/farmington/paint-wallpaper-contractors,"{""category"":""Client error"",""reason"":""Not Found"",""message"":""Client error: (404) Not Found""}",,2022-11-16T12:54:29Z
farmington,Plastering,https://homestars.com/on/farmington/plastering,"{""category"":""Client error"",""reason"":""Not Found"",""message"":""Client error: (404) Not Found""}",,2022-11-16T12:54:29Z
farmington,Stucco,https://homestars.com/on/farmington/stucco,"{""category"":""Client error"",""reason"":""Not Found"",""message"":""Client error: (404) Not Found""}",,2022-11-16T12:54:29Z
farmington,Trim and Moldings,https://homestars.com/on/farmington/moldings,"{""category"":""Client error"",""reason"":""Not Found"",""message"":""Client error: (404) Not Found""}",,2022-11-16T12:54:29Z
farmington,Awnings & Canopies,https://homestars.com/on/farmington/awnings-canopies,"{""category"":""Client error"",""reason"":""Not Found"",""message"":""Client error: (404) Not Found""}",,2022-11-16T12:54:29Z
farmington,Bathroom & Kitchen - Fixtures & Accessories,https://homestars.com/on/farmington/bathroom-kitchen-fixtures-accessories,"{""category"":""Client error"",""reason"":""Not Found"",""message"":""Client error: (404) Not Found""}",,2022-11-16T12:54:29Z
farmington,Blinds Cleaning & Repairing,https://homestars.com/on/farmington/blinds-cleaning-repairing,"{""category"":""Client error"",""reason"":""Not Found"",""message"":""Client error: (404) Not Found""}",,2022-11-16T12:54:29Z
farmington,Drapery & Curtains,https://homestars.com/on/farmington/drapery-curtains,"{""category"":""Client error"",""reason"":""Not Found"",""message"":""Client error: (404) Not Found""}",,2022-11-16T12:54:29Z
farmington,Drapery & Upholstery Cleaning,https://homestars.com/on/farmington/drapery-upholstery-cleaning,"{""category"":""Client error"",""reason"":""Not Found"",""message"":""Client error: (404) Not Found""}",,2022-11-16T12:54:29Z
farmington,Locks & Locksmiths,https://homestars.com/on/farmington/locks-locksmiths,"{""category"":""Client error"",""reason"":""Not Found"",""message"":""Client error: (404) Not Found""}",,2022-11-16T12:54:29Z
farmington,Mirrors & Glass,https://homestars.com/on/farmington/mirrors-glass,"{""category"":""Client error"",""reason"":""Not Found"",""message"":""Client error: (404) Not Found""}",,2022-11-16T12:54:29Z
farmington,Shutters & Blinds,https://homestars.com/on/farmington/shutters-blinds,"{""category"":""Client error"",""reason"":""Not Found"",""message"":""Client error: (404) Not Found""}",,2022-11-16T12:54:29Z
farmington,Skylight Installation & Repair,https://homestars.com/on/farmington/skylights,"{""category"":""Client error"",""reason"":""Not Found"",""message"":""Client error: (404) Not Found""}",,2022-11-16T12:54:29Z
farmington,Window & Gutter Cleaning,https://homestars.com/on/farmington/window-gutter-cleaning,"{""category"":""Client error"",""reason"":""Not Found"",""message"":""Client error: (404) Not Found""}",,2022-11-16T12:54:29Z
farmington,Windows & Doors Installation & Service,https://homestars.com/on/farmington/windows-doors,"{""category"":""Client error"",""reason"":""Not Found"",""message"":""Client error: (404) Not Found""}",,2022-11-16T12:54:29Z
