City,Category,Link,page_status,status_code,update_time
cook's harbour,Basement Renovation,https://homestars.com/on/cook's%20harbour/basement-renovation,"{""category"":""Client error"",""reason"":""Forbidden"",""message"":""Client error: (403) Forbidden""}",,2022-11-15T14:08:39Z
cook's harbour,Bathroom Renovation,https://homestars.com/on/cook's%20harbour/bathroom-renovation,"{""category"":""Client error"",""reason"":""Forbidden"",""message"":""Client error: (403) Forbidden""}",,2022-11-15T14:08:39Z
cook's harbour,Condominium Renovations,https://homestars.com/on/cook's%20harbour/condominium-renovations,"{""category"":""Client error"",""reason"":""Forbidden"",""message"":""Client error: (403) Forbidden""}",,2022-11-15T14:08:39Z
cook's harbour,Decks,https://homestars.com/on/cook's%20harbour/patios-decks,"{""category"":""Client error"",""reason"":""Forbidden"",""message"":""Client error: (403) Forbidden""}",,2022-11-15T14:08:39Z
cook's harbour,Demolition,https://homestars.com/on/cook's%20harbour/demolition,"{""category"":""Client error"",""reason"":""Forbidden"",""message"":""Client error: (403) Forbidden""}",,2022-11-15T14:08:39Z
cook's harbour,"Elevators, Lifts & Ramps Installation & Service",https://homestars.com/on/cook's%20harbour/elevators-lifts-ramps,"{""category"":""Client error"",""reason"":""Forbidden"",""message"":""Client error: (403) Forbidden""}",,2022-11-15T14:08:39Z
cook's harbour,Historical Restoration,https://homestars.com/on/cook's%20harbour/historical-restoration,"{""category"":""Client error"",""reason"":""Forbidden"",""message"":""Client error: (403) Forbidden""}",,2022-11-15T14:08:39Z
cook's harbour,Home Additions,https://homestars.com/on/cook's%20harbour/home-additions,"{""category"":""Client error"",""reason"":""Forbidden"",""message"":""Client error: (403) Forbidden""}",,2022-11-15T14:08:39Z
cook's harbour,Home Inspection,https://homestars.com/on/cook's%20harbour/home-inspection,"{""category"":""Client error"",""reason"":""Forbidden"",""message"":""Client error: (403) Forbidden""}",,2022-11-15T14:08:39Z
cook's harbour,Home Office Renovation,https://homestars.com/on/cook's%20harbour/home-office-renovation,"{""category"":""Client error"",""reason"":""Forbidden"",""message"":""Client error: (403) Forbidden""}",,2022-11-15T14:08:39Z
cook's harbour,Kitchen Planning & Renovation,https://homestars.com/on/cook's%20harbour/kitchen-planning-renovation,"{""category"":""Client error"",""reason"":""Forbidden"",""message"":""Client error: (403) Forbidden""}",,2022-11-15T14:08:39Z
cook's harbour,Renovation Cleaning,https://homestars.com/on/cook's%20harbour/renovation-cleaning,"{""category"":""Client error"",""reason"":""Forbidden"",""message"":""Client error: (403) Forbidden""}",,2022-11-15T14:08:39Z
cook's harbour,Architects,https://homestars.com/on/cook's%20harbour/architects,"{""category"":""Client error"",""reason"":""Forbidden"",""message"":""Client error: (403) Forbidden""}",,2022-11-15T14:08:39Z
cook's harbour,Builders,https://homestars.com/on/cook's%20harbour/builders,"{""category"":""Client error"",""reason"":""Forbidden"",""message"":""Client error: (403) Forbidden""}",,2022-11-15T14:08:39Z
cook's harbour,Concrete Contractors,https://homestars.com/on/cook's%20harbour/concrete-contractors,"{""category"":""Client error"",""reason"":""Forbidden"",""message"":""Client error: (403) Forbidden""}",,2022-11-15T14:08:39Z
cook's harbour,Design/Build,https://homestars.com/on/cook's%20harbour/design-build,"{""category"":""Client error"",""reason"":""Forbidden"",""message"":""Client error: (403) Forbidden""}",,2022-11-15T14:08:39Z
cook's harbour,Design/Project Management,https://homestars.com/on/cook's%20harbour/design-project-management,"{""category"":""Client error"",""reason"":""Forbidden"",""message"":""Client error: (403) Forbidden""}",,2022-11-15T14:08:39Z
cook's harbour,Drafting Service,https://homestars.com/on/cook's%20harbour/drafting-service,"{""category"":""Client error"",""reason"":""Forbidden"",""message"":""Client error: (403) Forbidden""}",,2022-11-15T14:08:39Z
cook's harbour,General Contractors,https://homestars.com/on/cook's%20harbour/general-contractors,"{""category"":""Client error"",""reason"":""Forbidden"",""message"":""Client error: (403) Forbidden""}",,2022-11-15T14:08:39Z
cook's harbour,Renovation Advisors,https://homestars.com/on/cook's%20harbour/renovation-advisors,"{""category"":""Client error"",""reason"":""Forbidden"",""message"":""Client error: (403) Forbidden""}",,2022-11-15T14:08:39Z
cook's harbour,Structural Engineering,https://homestars.com/on/cook's%20harbour/structural-engineering,"{""category"":""Client error"",""reason"":""Forbidden"",""message"":""Client error: (403) Forbidden""}",,2022-11-15T14:08:39Z
cook's harbour,Surveyors,https://homestars.com/on/cook's%20harbour/surveyors,"{""category"":""Client error"",""reason"":""Forbidden"",""message"":""Client error: (403) Forbidden""}",,2022-11-15T14:08:39Z
cook's harbour,Bathroom & Kitchen - Fixtures & Accessories,https://homestars.com/on/cook's%20harbour/bathroom-kitchen-fixtures-accessories,"{""category"":""Client error"",""reason"":""Forbidden"",""message"":""Client error: (403) Forbidden""}",,2022-11-15T14:08:39Z
cook's harbour,Cabinetry & Millwork,https://homestars.com/on/cook's%20harbour/cabinetry-millwork,"{""category"":""Client error"",""reason"":""Forbidden"",""message"":""Client error: (403) Forbidden""}",,2022-11-15T14:08:39Z
cook's harbour,Carpenters,https://homestars.com/on/cook's%20harbour/carpenters,"{""category"":""Client error"",""reason"":""Forbidden"",""message"":""Client error: (403) Forbidden""}",,2022-11-15T14:08:39Z
cook's harbour,Closet & Storage Solutions,https://homestars.com/on/cook's%20harbour/closet-storage-solutions,"{""category"":""Client error"",""reason"":""Forbidden"",""message"":""Client error: (403) Forbidden""}",,2022-11-15T14:08:39Z
cook's harbour,Decks,https://homestars.com/on/cook's%20harbour/patios-decks,"{""category"":""Client error"",""reason"":""Forbidden"",""message"":""Client error: (403) Forbidden""}",,2022-11-15T14:08:39Z
cook's harbour,"Elevators, Lifts & Ramps Installation & Service",https://homestars.com/on/cook's%20harbour/elevators-lifts-ramps,"{""category"":""Client error"",""reason"":""Forbidden"",""message"":""Client error: (403) Forbidden""}",,2022-11-15T14:08:39Z
cook's harbour,Framing,https://homestars.com/on/cook's%20harbour/framing,"{""category"":""Client error"",""reason"":""Forbidden"",""message"":""Client error: (403) Forbidden""}",,2022-11-15T14:08:39Z
cook's harbour,Kitchen & Bathroom - Cabinets & Design,https://homestars.com/on/cook's%20harbour/kitchen-bathroom-cabinets-design,"{""category"":""Client error"",""reason"":""Forbidden"",""message"":""Client error: (403) Forbidden""}",,2022-11-15T14:08:39Z
cook's harbour,Railings,https://homestars.com/on/cook's%20harbour/railings,"{""category"":""Client error"",""reason"":""Forbidden"",""message"":""Client error: (403) Forbidden""}",,2022-11-15T14:08:39Z
cook's harbour,Stair Builders,https://homestars.com/on/cook's%20harbour/stair-builders,"{""category"":""Client error"",""reason"":""Forbidden"",""message"":""Client error: (403) Forbidden""}",,2022-11-15T14:08:39Z
cook's harbour,Woodworking,https://homestars.com/on/cook's%20harbour/woodworking,"{""category"":""Client error"",""reason"":""Forbidden"",""message"":""Client error: (403) Forbidden""}",,2022-11-15T14:08:39Z
cook's harbour,Blinds Cleaning & Repairing,https://homestars.com/on/cook's%20harbour/blinds-cleaning-repairing,"{""category"":""Client error"",""reason"":""Forbidden"",""message"":""Client error: (403) Forbidden""}",,2022-11-15T14:08:39Z
cook's harbour,Carpet & Rug Cleaning & Repairing,https://homestars.com/on/cook's%20harbour/carpet-rug-cleaning-repairing,"{""category"":""Client error"",""reason"":""Forbidden"",""message"":""Client error: (403) Forbidden""}",,2022-11-15T14:08:39Z
cook's harbour,Drapery & Upholstery Cleaning,https://homestars.com/on/cook's%20harbour/drapery-upholstery-cleaning,"{""category"":""Client error"",""reason"":""Forbidden"",""message"":""Client error: (403) Forbidden""}",,2022-11-15T14:08:39Z
cook's harbour,Duct Cleaning,https://homestars.com/on/cook's%20harbour/duct-cleaning,"{""category"":""Client error"",""reason"":""Forbidden"",""message"":""Client error: (403) Forbidden""}",,2022-11-15T14:08:39Z
cook's harbour,Fire & Water Damage Restoration,https://homestars.com/on/cook's%20harbour/fire-water-damage-restoration,"{""category"":""Client error"",""reason"":""Forbidden"",""message"":""Client error: (403) Forbidden""}",,2022-11-15T14:08:39Z
cook's harbour,House & Apartment Cleaning,https://homestars.com/on/cook's%20harbour/house-apartment-cleaning,"{""category"":""Client error"",""reason"":""Forbidden"",""message"":""Client error: (403) Forbidden""}",,2022-11-15T14:08:39Z
cook's harbour,House Cleaning Exteriors,https://homestars.com/on/cook's%20harbour/house-cleaning-exteriors,"{""category"":""Client error"",""reason"":""Forbidden"",""message"":""Client error: (403) Forbidden""}",,2022-11-15T14:08:39Z
cook's harbour,Junk Removal,https://homestars.com/on/cook's%20harbour/junk-removal,"{""category"":""Client error"",""reason"":""Forbidden"",""message"":""Client error: (403) Forbidden""}",,2022-11-15T14:08:39Z
cook's harbour,Renovation Cleaning,https://homestars.com/on/cook's%20harbour/renovation-cleaning,"{""category"":""Client error"",""reason"":""Forbidden"",""message"":""Client error: (403) Forbidden""}",,2022-11-15T14:08:39Z
cook's harbour,"Septic Tank Cleaning, Repair & Installation",https://homestars.com/on/cook's%20harbour/septic-tank-cleaning-repair-installation,"{""category"":""Client error"",""reason"":""Forbidden"",""message"":""Client error: (403) Forbidden""}",,2022-11-15T14:08:39Z
cook's harbour,Tile and Grout Cleaning,https://homestars.com/on/cook's%20harbour/tile-and-grout-cleaning,"{""category"":""Client error"",""reason"":""Forbidden"",""message"":""Client error: (403) Forbidden""}",,2022-11-15T14:08:39Z
cook's harbour,Window & Gutter Cleaning,https://homestars.com/on/cook's%20harbour/window-gutter-cleaning,"{""category"":""Client error"",""reason"":""Forbidden"",""message"":""Client error: (403) Forbidden""}",,2022-11-15T14:08:39Z
cook's harbour,Chimney Build & Repair,https://homestars.com/on/cook's%20harbour/chimney-build-repair,"{""category"":""Client error"",""reason"":""Forbidden"",""message"":""Client error: (403) Forbidden""}",,2022-11-15T14:08:39Z
cook's harbour,Chimney Sweeps,https://homestars.com/on/cook's%20harbour/chimney-sweeps,"{""category"":""Client error"",""reason"":""Forbidden"",""message"":""Client error: (403) Forbidden""}",,2022-11-15T14:08:39Z
cook's harbour,Interlocking Stone,https://homestars.com/on/cook's%20harbour/interlocking-stone,"{""category"":""Client error"",""reason"":""Forbidden"",""message"":""Client error: (403) Forbidden""}",,2022-11-15T14:08:39Z
cook's harbour,Masonry & Bricklaying,https://homestars.com/on/cook's%20harbour/masonry-bricklaying,"{""category"":""Client error"",""reason"":""Forbidden"",""message"":""Client error: (403) Forbidden""}",,2022-11-15T14:08:39Z
cook's harbour,Tuck Pointing,https://homestars.com/on/cook's%20harbour/chimney-tuck-pointing,"{""category"":""Client error"",""reason"":""Forbidden"",""message"":""Client error: (403) Forbidden""}",,2022-11-15T14:08:39Z
cook's harbour,Waterproofing,https://homestars.com/on/cook's%20harbour/waterproofing,"{""category"":""Client error"",""reason"":""Forbidden"",""message"":""Client error: (403) Forbidden""}",,2022-11-15T14:08:39Z
cook's harbour,Bathroom & Kitchen - Fixtures & Accessories,https://homestars.com/on/cook's%20harbour/bathroom-kitchen-fixtures-accessories,"{""category"":""Client error"",""reason"":""Forbidden"",""message"":""Client error: (403) Forbidden""}",,2022-11-15T14:08:39Z
cook's harbour,"Game Rooms, Entertainment",https://homestars.com/on/cook's%20harbour/game-rooms-entertainment,"{""category"":""Client error"",""reason"":""Forbidden"",""message"":""Client error: (403) Forbidden""}",,2022-11-15T14:08:39Z
cook's harbour,Garage Design & Organization,https://homestars.com/on/cook's%20harbour/garage-design-organization,"{""category"":""Client error"",""reason"":""Forbidden"",""message"":""Client error: (403) Forbidden""}",,2022-11-15T14:08:39Z
cook's harbour,Home Staging,https://homestars.com/on/cook's%20harbour/staging,"{""category"":""Client error"",""reason"":""Forbidden"",""message"":""Client error: (403) Forbidden""}",,2022-11-15T14:08:39Z
cook's harbour,Interior Decorators,https://homestars.com/on/cook's%20harbour/interior-decorators,"{""category"":""Client error"",""reason"":""Forbidden"",""message"":""Client error: (403) Forbidden""}",,2022-11-15T14:08:39Z
cook's harbour,Interior Design,https://homestars.com/on/cook's%20harbour/interior-design,"{""category"":""Client error"",""reason"":""Forbidden"",""message"":""Client error: (403) Forbidden""}",,2022-11-15T14:08:39Z
cook's harbour,Kitchen & Bathroom - Cabinets & Design,https://homestars.com/on/cook's%20harbour/kitchen-bathroom-cabinets-design,"{""category"":""Client error"",""reason"":""Forbidden"",""message"":""Client error: (403) Forbidden""}",,2022-11-15T14:08:39Z
cook's harbour,Alarm Systems,https://homestars.com/on/cook's%20harbour/alarm-systems,"{""category"":""Client error"",""reason"":""Forbidden"",""message"":""Client error: (403) Forbidden""}",,2022-11-15T14:08:39Z
cook's harbour,Appliance Repair,https://homestars.com/on/cook's%20harbour/appliance-repair,"{""category"":""Client error"",""reason"":""Forbidden"",""message"":""Client error: (403) Forbidden""}",,2022-11-15T14:08:39Z
cook's harbour,Appliance Retailers,https://homestars.com/on/cook's%20harbour/appliance-retailers,"{""category"":""Client error"",""reason"":""Forbidden"",""message"":""Client error: (403) Forbidden""}",,2022-11-15T14:08:39Z
cook's harbour,Computer Repairs and Support,https://homestars.com/on/cook's%20harbour/computer-repairs-service,"{""category"":""Client error"",""reason"":""Forbidden"",""message"":""Client error: (403) Forbidden""}",,2022-11-15T14:08:39Z
cook's harbour,Electricians,https://homestars.com/on/cook's%20harbour/electricians,"{""category"":""Client error"",""reason"":""Forbidden"",""message"":""Client error: (403) Forbidden""}",,2022-11-15T14:08:39Z
cook's harbour,Electronic Repairs,https://homestars.com/on/cook's%20harbour/electronic-repairs,"{""category"":""Client error"",""reason"":""Forbidden"",""message"":""Client error: (403) Forbidden""}",,2022-11-15T14:08:39Z
cook's harbour,Home Automation,https://homestars.com/on/cook's%20harbour/home-automation,"{""category"":""Client error"",""reason"":""Forbidden"",""message"":""Client error: (403) Forbidden""}",,2022-11-15T14:08:39Z
cook's harbour,Home Theater,https://homestars.com/on/cook's%20harbour/home-theater,"{""category"":""Client error"",""reason"":""Forbidden"",""message"":""Client error: (403) Forbidden""}",,2022-11-15T14:08:39Z
cook's harbour,Lighting,https://homestars.com/on/cook's%20harbour/lighting,"{""category"":""Client error"",""reason"":""Forbidden"",""message"":""Client error: (403) Forbidden""}",,2022-11-15T14:08:39Z
cook's harbour,Satellite Sales & Service,https://homestars.com/on/cook's%20harbour/satellite-sales-service,"{""category"":""Client error"",""reason"":""Forbidden"",""message"":""Client error: (403) Forbidden""}",,2022-11-15T14:08:39Z
cook's harbour,Vacuum Sales & Service,https://homestars.com/on/cook's%20harbour/vacuum-sales-service,"{""category"":""Client error"",""reason"":""Forbidden"",""message"":""Client error: (403) Forbidden""}",,2022-11-15T14:08:39Z
cook's harbour,Carpet & Rug Retailers,https://homestars.com/on/cook's%20harbour/carpet-rug-retailers,"{""category"":""Client error"",""reason"":""Forbidden"",""message"":""Client error: (403) Forbidden""}",,2022-11-15T14:08:39Z
cook's harbour,Carpet Installers,https://homestars.com/on/cook's%20harbour/carpet-installers,"{""category"":""Client error"",""reason"":""Forbidden"",""message"":""Client error: (403) Forbidden""}",,2022-11-15T14:08:39Z
cook's harbour,Concrete Contractors,https://homestars.com/on/cook's%20harbour/concrete-contractors,"{""category"":""Client error"",""reason"":""Forbidden"",""message"":""Client error: (403) Forbidden""}",,2022-11-15T14:08:39Z
cook's harbour,Decorative Concrete,https://homestars.com/on/cook's%20harbour/decorative-concrete,"{""category"":""Client error"",""reason"":""Forbidden"",""message"":""Client error: (403) Forbidden""}",,2022-11-15T14:08:39Z
cook's harbour,Floor Laying & Refinishing,https://homestars.com/on/cook's%20harbour/floor-laying-refinishing,"{""category"":""Client error"",""reason"":""Forbidden"",""message"":""Client error: (403) Forbidden""}",,2022-11-15T14:08:39Z
cook's harbour,Floor Retailers,https://homestars.com/on/cook's%20harbour/floor-retailers,"{""category"":""Client error"",""reason"":""Forbidden"",""message"":""Client error: (403) Forbidden""}",,2022-11-15T14:08:39Z
cook's harbour,Interlocking Stone,https://homestars.com/on/cook's%20harbour/interlocking-stone,"{""category"":""Client error"",""reason"":""Forbidden"",""message"":""Client error: (403) Forbidden""}",,2022-11-15T14:08:39Z
cook's harbour,Masonry & Bricklaying,https://homestars.com/on/cook's%20harbour/masonry-bricklaying,"{""category"":""Client error"",""reason"":""Forbidden"",""message"":""Client error: (403) Forbidden""}",,2022-11-15T14:08:39Z
cook's harbour,Tile & Stone Contractors,https://homestars.com/on/cook's%20harbour/tile-stone-contractors,"{""category"":""Client error"",""reason"":""Forbidden"",""message"":""Client error: (403) Forbidden""}",,2022-11-15T14:08:39Z
cook's harbour,Tuck Pointing,https://homestars.com/on/cook's%20harbour/chimney-tuck-pointing,"{""category"":""Client error"",""reason"":""Forbidden"",""message"":""Client error: (403) Forbidden""}",,2022-11-15T14:08:39Z
cook's harbour,Excavation,https://homestars.com/on/cook's%20harbour/excavation-demolition,"{""category"":""Client error"",""reason"":""Forbidden"",""message"":""Client error: (403) Forbidden""}",,2022-11-15T14:08:39Z
cook's harbour,Foundations,https://homestars.com/on/cook's%20harbour/foundations,"{""category"":""Client error"",""reason"":""Forbidden"",""message"":""Client error: (403) Forbidden""}",,2022-11-15T14:08:39Z
cook's harbour,Interlocking Stone,https://homestars.com/on/cook's%20harbour/interlocking-stone,"{""category"":""Client error"",""reason"":""Forbidden"",""message"":""Client error: (403) Forbidden""}",,2022-11-15T14:08:39Z
cook's harbour,Masonry & Bricklaying,https://homestars.com/on/cook's%20harbour/masonry-bricklaying,"{""category"":""Client error"",""reason"":""Forbidden"",""message"":""Client error: (403) Forbidden""}",,2022-11-15T14:08:39Z
cook's harbour,Tuck Pointing,https://homestars.com/on/cook's%20harbour/chimney-tuck-pointing,"{""category"":""Client error"",""reason"":""Forbidden"",""message"":""Client error: (403) Forbidden""}",,2022-11-15T14:08:39Z
cook's harbour,Waterproofing,https://homestars.com/on/cook's%20harbour/waterproofing,"{""category"":""Client error"",""reason"":""Forbidden"",""message"":""Client error: (403) Forbidden""}",,2022-11-15T14:08:39Z
cook's harbour,Furniture,https://homestars.com/on/cook's%20harbour/furniture,"{""category"":""Client error"",""reason"":""Forbidden"",""message"":""Client error: (403) Forbidden""}",,2022-11-15T14:08:39Z
cook's harbour,Furniture Designers & Custom Builders,https://homestars.com/on/cook's%20harbour/furniture-designers-custom-builders,"{""category"":""Client error"",""reason"":""Forbidden"",""message"":""Client error: (403) Forbidden""}",,2022-11-15T14:08:39Z
cook's harbour,Furniture Refinish & Repair,https://homestars.com/on/cook's%20harbour/furniture-refinish-repair,"{""category"":""Client error"",""reason"":""Forbidden"",""message"":""Client error: (403) Forbidden""}",,2022-11-15T14:08:39Z
cook's harbour,Furniture Rental,https://homestars.com/on/cook's%20harbour/furniture-rental,"{""category"":""Client error"",""reason"":""Forbidden"",""message"":""Client error: (403) Forbidden""}",,2022-11-15T14:08:39Z
cook's harbour,Home Staging,https://homestars.com/on/cook's%20harbour/staging,"{""category"":""Client error"",""reason"":""Forbidden"",""message"":""Client error: (403) Forbidden""}",,2022-11-15T14:08:39Z
cook's harbour,Upholsterers,https://homestars.com/on/cook's%20harbour/upholsterers,"{""category"":""Client error"",""reason"":""Forbidden"",""message"":""Client error: (403) Forbidden""}",,2022-11-15T14:08:39Z
cook's harbour,Closet & Storage Solutions,https://homestars.com/on/cook's%20harbour/closet-storage-solutions,"{""category"":""Client error"",""reason"":""Forbidden"",""message"":""Client error: (403) Forbidden""}",,2022-11-15T14:08:39Z
cook's harbour,Garage Design & Organization,https://homestars.com/on/cook's%20harbour/garage-design-organization,"{""category"":""Client error"",""reason"":""Forbidden"",""message"":""Client error: (403) Forbidden""}",,2022-11-15T14:08:39Z
cook's harbour,Garage Doors & Hardware,https://homestars.com/on/cook's%20harbour/garage-doors-hardware,"{""category"":""Client error"",""reason"":""Forbidden"",""message"":""Client error: (403) Forbidden""}",,2022-11-15T14:08:39Z
cook's harbour,Junk Removal,https://homestars.com/on/cook's%20harbour/junk-removal,"{""category"":""Client error"",""reason"":""Forbidden"",""message"":""Client error: (403) Forbidden""}",,2022-11-15T14:08:39Z
cook's harbour,Moving & Storage,https://homestars.com/on/cook's%20harbour/moving-storage,"{""category"":""Client error"",""reason"":""Forbidden"",""message"":""Client error: (403) Forbidden""}",,2022-11-15T14:08:39Z
cook's harbour,Organizing Products & Services,https://homestars.com/on/cook's%20harbour/organizing-products-services,"{""category"":""Client error"",""reason"":""Forbidden"",""message"":""Client error: (403) Forbidden""}",,2022-11-15T14:08:39Z
cook's harbour,Electrical Vehicle Charging,https://homestars.com/on/cook's%20harbour/electrical-vehicle-charging,"{""category"":""Client error"",""reason"":""Forbidden"",""message"":""Client error: (403) Forbidden""}",,2022-11-15T14:08:39Z
cook's harbour,Green Products & Services,https://homestars.com/on/cook's%20harbour/green-products-services,"{""category"":""Client error"",""reason"":""Forbidden"",""message"":""Client error: (403) Forbidden""}",,2022-11-15T14:08:39Z
cook's harbour,Renewable Energy,https://homestars.com/on/cook's%20harbour/renewable-energy,"{""category"":""Client error"",""reason"":""Forbidden"",""message"":""Client error: (403) Forbidden""}",,2022-11-15T14:08:39Z
cook's harbour,Skylight Installation & Repair,https://homestars.com/on/cook's%20harbour/skylights,"{""category"":""Client error"",""reason"":""Forbidden"",""message"":""Client error: (403) Forbidden""}",,2022-11-15T14:08:39Z
cook's harbour,Solar Panels,https://homestars.com/on/cook's%20harbour/solar-panels,"{""category"":""Client error"",""reason"":""Forbidden"",""message"":""Client error: (403) Forbidden""}",,2022-11-15T14:08:39Z
cook's harbour,Solar Water Heating,https://homestars.com/on/cook's%20harbour/solar-water-heating,"{""category"":""Client error"",""reason"":""Forbidden"",""message"":""Client error: (403) Forbidden""}",,2022-11-15T14:08:39Z
cook's harbour,"Sunrooms, Solariums & Greenhouses",https://homestars.com/on/cook's%20harbour/sunrooms-solariums-greenhouses,"{""category"":""Client error"",""reason"":""Forbidden"",""message"":""Client error: (403) Forbidden""}",,2022-11-15T14:08:39Z
cook's harbour,Appliance Repair,https://homestars.com/on/cook's%20harbour/appliance-repair,"{""category"":""Client error"",""reason"":""Forbidden"",""message"":""Client error: (403) Forbidden""}",,2022-11-15T14:08:39Z
cook's harbour,Building Supplies and Hardware,https://homestars.com/on/cook's%20harbour/building-supplies-and-hardware,"{""category"":""Client error"",""reason"":""Forbidden"",""message"":""Client error: (403) Forbidden""}",,2022-11-15T14:08:39Z
cook's harbour,Electricians,https://homestars.com/on/cook's%20harbour/electricians,"{""category"":""Client error"",""reason"":""Forbidden"",""message"":""Client error: (403) Forbidden""}",,2022-11-15T14:08:39Z
cook's harbour,Handyman Services,https://homestars.com/on/cook's%20harbour/handyman-services,"{""category"":""Client error"",""reason"":""Forbidden"",""message"":""Client error: (403) Forbidden""}",,2022-11-15T14:08:39Z
cook's harbour,Lighting,https://homestars.com/on/cook's%20harbour/lighting,"{""category"":""Client error"",""reason"":""Forbidden"",""message"":""Client error: (403) Forbidden""}",,2022-11-15T14:08:39Z
cook's harbour,Paint & Wallpaper Contractors,https://homestars.com/on/cook's%20harbour/paint-wallpaper-contractors,"{""category"":""Client error"",""reason"":""Forbidden"",""message"":""Client error: (403) Forbidden""}",,2022-11-15T14:08:39Z
cook's harbour,Plumbing,https://homestars.com/on/cook's%20harbour/plumbing,"{""category"":""Client error"",""reason"":""Forbidden"",""message"":""Client error: (403) Forbidden""}",,2022-11-15T14:08:39Z
cook's harbour,BBQ Equipment & Service,https://homestars.com/on/cook's%20harbour/bbq-equipment-service,"{""category"":""Client error"",""reason"":""Forbidden"",""message"":""Client error: (403) Forbidden""}",,2022-11-15T14:08:39Z
cook's harbour,Duct Cleaning,https://homestars.com/on/cook's%20harbour/duct-cleaning,"{""category"":""Client error"",""reason"":""Forbidden"",""message"":""Client error: (403) Forbidden""}",,2022-11-15T14:08:39Z
cook's harbour,Fireplace Mantels,https://homestars.com/on/cook's%20harbour/fireplace-mantels,"{""category"":""Client error"",""reason"":""Forbidden"",""message"":""Client error: (403) Forbidden""}",,2022-11-15T14:08:39Z
cook's harbour,Fireplaces,https://homestars.com/on/cook's%20harbour/fireplaces,"{""category"":""Client error"",""reason"":""Forbidden"",""message"":""Client error: (403) Forbidden""}",,2022-11-15T14:08:39Z
cook's harbour,Gas Line Installation,https://homestars.com/on/cook's%20harbour/gas-line-installation,"{""category"":""Client error"",""reason"":""Forbidden"",""message"":""Client error: (403) Forbidden""}",,2022-11-15T14:08:39Z
cook's harbour,Heating & Air Conditioning,https://homestars.com/on/cook's%20harbour/heating-air-conditioning,"{""category"":""Client error"",""reason"":""Forbidden"",""message"":""Client error: (403) Forbidden""}",,2022-11-15T14:08:39Z
cook's harbour,BBQ Equipment & Service,https://homestars.com/on/cook's%20harbour/bbq-equipment-service,"{""category"":""Client error"",""reason"":""Forbidden"",""message"":""Client error: (403) Forbidden""}",,2022-11-15T14:08:39Z
cook's harbour,Concrete Contractors,https://homestars.com/on/cook's%20harbour/concrete-contractors,"{""category"":""Client error"",""reason"":""Forbidden"",""message"":""Client error: (403) Forbidden""}",,2022-11-15T14:08:39Z
cook's harbour,Decks,https://homestars.com/on/cook's%20harbour/patios-decks,"{""category"":""Client error"",""reason"":""Forbidden"",""message"":""Client error: (403) Forbidden""}",,2022-11-15T14:08:39Z
cook's harbour,Decorative Concrete,https://homestars.com/on/cook's%20harbour/decorative-concrete,"{""category"":""Client error"",""reason"":""Forbidden"",""message"":""Client error: (403) Forbidden""}",,2022-11-15T14:08:39Z
cook's harbour,Excavation,https://homestars.com/on/cook's%20harbour/excavation-demolition,"{""category"":""Client error"",""reason"":""Forbidden"",""message"":""Client error: (403) Forbidden""}",,2022-11-15T14:08:39Z
cook's harbour,Fences & Gates,https://homestars.com/on/cook's%20harbour/fences-gates,"{""category"":""Client error"",""reason"":""Forbidden"",""message"":""Client error: (403) Forbidden""}",,2022-11-15T14:08:39Z
cook's harbour,Garden Maintenance,https://homestars.com/on/cook's%20harbour/garden-maintenance,"{""category"":""Client error"",""reason"":""Forbidden"",""message"":""Client error: (403) Forbidden""}",,2022-11-15T14:08:39Z
cook's harbour,Gazebos & Sheds,https://homestars.com/on/cook's%20harbour/gazebos-sheds,"{""category"":""Client error"",""reason"":""Forbidden"",""message"":""Client error: (403) Forbidden""}",,2022-11-15T14:08:39Z
cook's harbour,Interlocking Stone,https://homestars.com/on/cook's%20harbour/interlocking-stone,"{""category"":""Client error"",""reason"":""Forbidden"",""message"":""Client error: (403) Forbidden""}",,2022-11-15T14:08:39Z
cook's harbour,Landscape Architects,https://homestars.com/on/cook's%20harbour/landscape-architects,"{""category"":""Client error"",""reason"":""Forbidden"",""message"":""Client error: (403) Forbidden""}",,2022-11-15T14:08:39Z
cook's harbour,Landscape Contractors & Designers,https://homestars.com/on/cook's%20harbour/landscape-contractors-designers,"{""category"":""Client error"",""reason"":""Forbidden"",""message"":""Client error: (403) Forbidden""}",,2022-11-15T14:08:39Z
cook's harbour,Landscape Lighting,https://homestars.com/on/cook's%20harbour/landscape-lighting,"{""category"":""Client error"",""reason"":""Forbidden"",""message"":""Client error: (403) Forbidden""}",,2022-11-15T14:08:39Z
cook's harbour,Lawn Maintenance,https://homestars.com/on/cook's%20harbour/lawn-maintenance,"{""category"":""Client error"",""reason"":""Forbidden"",""message"":""Client error: (403) Forbidden""}",,2022-11-15T14:08:39Z
cook's harbour,Masonry & Bricklaying,https://homestars.com/on/cook's%20harbour/masonry-bricklaying,"{""category"":""Client error"",""reason"":""Forbidden"",""message"":""Client error: (403) Forbidden""}",,2022-11-15T14:08:39Z
cook's harbour,Sprinkler Systems,https://homestars.com/on/cook's%20harbour/sprinkler-systems,"{""category"":""Client error"",""reason"":""Forbidden"",""message"":""Client error: (403) Forbidden""}",,2022-11-15T14:08:39Z
cook's harbour,"Swimming Pools, Spas & Hot Tubs",https://homestars.com/on/cook's%20harbour/swimming-pools-spas-hot-tubs,"{""category"":""Client error"",""reason"":""Forbidden"",""message"":""Client error: (403) Forbidden""}",,2022-11-15T14:08:39Z
cook's harbour,Tree Service,https://homestars.com/on/cook's%20harbour/tree-service,"{""category"":""Client error"",""reason"":""Forbidden"",""message"":""Client error: (403) Forbidden""}",,2022-11-15T14:08:39Z
cook's harbour,Weed Control,https://homestars.com/on/cook's%20harbour/weed-control,"{""category"":""Client error"",""reason"":""Forbidden"",""message"":""Client error: (403) Forbidden""}",,2022-11-15T14:08:39Z
cook's harbour,Closet & Storage Solutions,https://homestars.com/on/cook's%20harbour/closet-storage-solutions,"{""category"":""Client error"",""reason"":""Forbidden"",""message"":""Client error: (403) Forbidden""}",,2022-11-15T14:08:39Z
cook's harbour,Junk Removal,https://homestars.com/on/cook's%20harbour/junk-removal,"{""category"":""Client error"",""reason"":""Forbidden"",""message"":""Client error: (403) Forbidden""}",,2022-11-15T14:08:39Z
cook's harbour,Moving & Storage,https://homestars.com/on/cook's%20harbour/moving-storage,"{""category"":""Client error"",""reason"":""Forbidden"",""message"":""Client error: (403) Forbidden""}",,2022-11-15T14:08:39Z
cook's harbour,Organizing Products & Services,https://homestars.com/on/cook's%20harbour/organizing-products-services,"{""category"":""Client error"",""reason"":""Forbidden"",""message"":""Client error: (403) Forbidden""}",,2022-11-15T14:08:39Z
cook's harbour,Piano Moving & Tuning,https://homestars.com/on/cook's%20harbour/piano-moving-tuning,"{""category"":""Client error"",""reason"":""Forbidden"",""message"":""Client error: (403) Forbidden""}",,2022-11-15T14:08:39Z
cook's harbour,Self Storage,https://homestars.com/on/cook's%20harbour/self-storage,"{""category"":""Client error"",""reason"":""Forbidden"",""message"":""Client error: (403) Forbidden""}",,2022-11-15T14:08:39Z
cook's harbour,Drain Services,https://homestars.com/on/cook's%20harbour/drain-services,"{""category"":""Client error"",""reason"":""Forbidden"",""message"":""Client error: (403) Forbidden""}",,2022-11-15T14:08:39Z
cook's harbour,Drainage Contractors,https://homestars.com/on/cook's%20harbour/drainage-contractors,"{""category"":""Client error"",""reason"":""Forbidden"",""message"":""Client error: (403) Forbidden""}",,2022-11-15T14:08:39Z
cook's harbour,Excavation,https://homestars.com/on/cook's%20harbour/excavation-demolition,"{""category"":""Client error"",""reason"":""Forbidden"",""message"":""Client error: (403) Forbidden""}",,2022-11-15T14:08:39Z
cook's harbour,Plumbing,https://homestars.com/on/cook's%20harbour/plumbing,"{""category"":""Client error"",""reason"":""Forbidden"",""message"":""Client error: (403) Forbidden""}",,2022-11-15T14:08:39Z
cook's harbour,"Septic Tank Cleaning, Repair & Installation",https://homestars.com/on/cook's%20harbour/septic-tank-cleaning-repair-installation,"{""category"":""Client error"",""reason"":""Forbidden"",""message"":""Client error: (403) Forbidden""}",,2022-11-15T14:08:39Z
cook's harbour,Sprinkler Systems,https://homestars.com/on/cook's%20harbour/sprinkler-systems,"{""category"":""Client error"",""reason"":""Forbidden"",""message"":""Client error: (403) Forbidden""}",,2022-11-15T14:08:39Z
cook's harbour,Water Filtration & Purification,https://homestars.com/on/cook's%20harbour/water-filtration-purification,"{""category"":""Client error"",""reason"":""Forbidden"",""message"":""Client error: (403) Forbidden""}",,2022-11-15T14:08:39Z
cook's harbour,Gutters & Eavestroughs,https://homestars.com/on/cook's%20harbour/gutters-eavestroughs,"{""category"":""Client error"",""reason"":""Forbidden"",""message"":""Client error: (403) Forbidden""}",,2022-11-15T14:08:39Z
cook's harbour,Roofing,https://homestars.com/on/cook's%20harbour/roofing,"{""category"":""Client error"",""reason"":""Forbidden"",""message"":""Client error: (403) Forbidden""}",,2022-11-15T14:08:39Z
cook's harbour,Skylight Installation & Repair,https://homestars.com/on/cook's%20harbour/skylights,"{""category"":""Client error"",""reason"":""Forbidden"",""message"":""Client error: (403) Forbidden""}",,2022-11-15T14:08:39Z
cook's harbour,Alarm Systems,https://homestars.com/on/cook's%20harbour/alarm-systems,"{""category"":""Client error"",""reason"":""Forbidden"",""message"":""Client error: (403) Forbidden""}",,2022-11-15T14:08:39Z
cook's harbour,"Asbestos, Lead, and Radon Removal",https://homestars.com/on/cook's%20harbour/asbestos-lead-removal,"{""category"":""Client error"",""reason"":""Forbidden"",""message"":""Client error: (403) Forbidden""}",,2022-11-15T14:08:39Z
cook's harbour,Home Inspection,https://homestars.com/on/cook's%20harbour/home-inspection,"{""category"":""Client error"",""reason"":""Forbidden"",""message"":""Client error: (403) Forbidden""}",,2022-11-15T14:08:39Z
cook's harbour,Mold Detection & Removal,https://homestars.com/on/cook's%20harbour/mold-detection-removal,"{""category"":""Client error"",""reason"":""Forbidden"",""message"":""Client error: (403) Forbidden""}",,2022-11-15T14:08:39Z
cook's harbour,Pest & Animal Control,https://homestars.com/on/cook's%20harbour/pest-animal-control,"{""category"":""Client error"",""reason"":""Forbidden"",""message"":""Client error: (403) Forbidden""}",,2022-11-15T14:08:39Z
cook's harbour,Snow Removal,https://homestars.com/on/cook's%20harbour/snow-removal,"{""category"":""Client error"",""reason"":""Forbidden"",""message"":""Client error: (403) Forbidden""}",,2022-11-15T14:08:39Z
cook's harbour,Siding,https://homestars.com/on/cook's%20harbour/siding,"{""category"":""Client error"",""reason"":""Forbidden"",""message"":""Client error: (403) Forbidden""}",,2022-11-15T14:08:39Z
cook's harbour,Stucco,https://homestars.com/on/cook's%20harbour/stucco,"{""category"":""Client error"",""reason"":""Forbidden"",""message"":""Client error: (403) Forbidden""}",,2022-11-15T14:08:39Z
cook's harbour,Art Metal Work,https://homestars.com/on/cook's%20harbour/art-metal-work,"{""category"":""Client error"",""reason"":""Forbidden"",""message"":""Client error: (403) Forbidden""}",,2022-11-15T14:08:39Z
cook's harbour,BBQ Equipment & Service,https://homestars.com/on/cook's%20harbour/bbq-equipment-service,"{""category"":""Client error"",""reason"":""Forbidden"",""message"":""Client error: (403) Forbidden""}",,2022-11-15T14:08:39Z
cook's harbour,Decorative Concrete,https://homestars.com/on/cook's%20harbour/decorative-concrete,"{""category"":""Client error"",""reason"":""Forbidden"",""message"":""Client error: (403) Forbidden""}",,2022-11-15T14:08:39Z
cook's harbour,"Elevators, Lifts & Ramps Installation & Service",https://homestars.com/on/cook's%20harbour/elevators-lifts-ramps,"{""category"":""Client error"",""reason"":""Forbidden"",""message"":""Client error: (403) Forbidden""}",,2022-11-15T14:08:39Z
cook's harbour,Concrete Contractors,https://homestars.com/on/cook's%20harbour/concrete-contractors,"{""category"":""Client error"",""reason"":""Forbidden"",""message"":""Client error: (403) Forbidden""}",,2022-11-15T14:08:39Z
cook's harbour,Countertops,https://homestars.com/on/cook's%20harbour/countertops,"{""category"":""Client error"",""reason"":""Forbidden"",""message"":""Client error: (403) Forbidden""}",,2022-11-15T14:08:39Z
cook's harbour,Decorative Concrete,https://homestars.com/on/cook's%20harbour/decorative-concrete,"{""category"":""Client error"",""reason"":""Forbidden"",""message"":""Client error: (403) Forbidden""}",,2022-11-15T14:08:39Z
cook's harbour,Interlocking Stone,https://homestars.com/on/cook's%20harbour/interlocking-stone,"{""category"":""Client error"",""reason"":""Forbidden"",""message"":""Client error: (403) Forbidden""}",,2022-11-15T14:08:39Z
cook's harbour,Masonry & Bricklaying,https://homestars.com/on/cook's%20harbour/masonry-bricklaying,"{""category"":""Client error"",""reason"":""Forbidden"",""message"":""Client error: (403) Forbidden""}",,2022-11-15T14:08:39Z
cook's harbour,Paving Contractors,https://homestars.com/on/cook's%20harbour/paving-contractors,"{""category"":""Client error"",""reason"":""Forbidden"",""message"":""Client error: (403) Forbidden""}",,2022-11-15T14:08:39Z
cook's harbour,Tile & Stone Contractors,https://homestars.com/on/cook's%20harbour/tile-stone-contractors,"{""category"":""Client error"",""reason"":""Forbidden"",""message"":""Client error: (403) Forbidden""}",,2022-11-15T14:08:39Z
cook's harbour,Tile and Grout Cleaning,https://homestars.com/on/cook's%20harbour/tile-and-grout-cleaning,"{""category"":""Client error"",""reason"":""Forbidden"",""message"":""Client error: (403) Forbidden""}",,2022-11-15T14:08:39Z
cook's harbour,Tuck Pointing,https://homestars.com/on/cook's%20harbour/chimney-tuck-pointing,"{""category"":""Client error"",""reason"":""Forbidden"",""message"":""Client error: (403) Forbidden""}",,2022-11-15T14:08:39Z
cook's harbour,Drywall Contractors,https://homestars.com/on/cook's%20harbour/drywall-contractors,"{""category"":""Client error"",""reason"":""Forbidden"",""message"":""Client error: (403) Forbidden""}",,2022-11-15T14:08:39Z
cook's harbour,Insulation,https://homestars.com/on/cook's%20harbour/insulation,"{""category"":""Client error"",""reason"":""Forbidden"",""message"":""Client error: (403) Forbidden""}",,2022-11-15T14:08:39Z
cook's harbour,Paint & Wallpaper Contractors,https://homestars.com/on/cook's%20harbour/paint-wallpaper-contractors,"{""category"":""Client error"",""reason"":""Forbidden"",""message"":""Client error: (403) Forbidden""}",,2022-11-15T14:08:39Z
cook's harbour,Plastering,https://homestars.com/on/cook's%20harbour/plastering,"{""category"":""Client error"",""reason"":""Forbidden"",""message"":""Client error: (403) Forbidden""}",,2022-11-15T14:08:39Z
cook's harbour,Stucco,https://homestars.com/on/cook's%20harbour/stucco,"{""category"":""Client error"",""reason"":""Forbidden"",""message"":""Client error: (403) Forbidden""}",,2022-11-15T14:08:39Z
cook's harbour,Trim and Moldings,https://homestars.com/on/cook's%20harbour/moldings,"{""category"":""Client error"",""reason"":""Forbidden"",""message"":""Client error: (403) Forbidden""}",,2022-11-15T14:08:39Z
cook's harbour,Awnings & Canopies,https://homestars.com/on/cook's%20harbour/awnings-canopies,"{""category"":""Client error"",""reason"":""Forbidden"",""message"":""Client error: (403) Forbidden""}",,2022-11-15T14:08:39Z
cook's harbour,Bathroom & Kitchen - Fixtures & Accessories,https://homestars.com/on/cook's%20harbour/bathroom-kitchen-fixtures-accessories,"{""category"":""Client error"",""reason"":""Forbidden"",""message"":""Client error: (403) Forbidden""}",,2022-11-15T14:08:39Z
cook's harbour,Blinds Cleaning & Repairing,https://homestars.com/on/cook's%20harbour/blinds-cleaning-repairing,"{""category"":""Client error"",""reason"":""Forbidden"",""message"":""Client error: (403) Forbidden""}",,2022-11-15T14:08:39Z
cook's harbour,Drapery & Curtains,https://homestars.com/on/cook's%20harbour/drapery-curtains,"{""category"":""Client error"",""reason"":""Forbidden"",""message"":""Client error: (403) Forbidden""}",,2022-11-15T14:08:39Z
cook's harbour,Drapery & Upholstery Cleaning,https://homestars.com/on/cook's%20harbour/drapery-upholstery-cleaning,"{""category"":""Client error"",""reason"":""Forbidden"",""message"":""Client error: (403) Forbidden""}",,2022-11-15T14:08:39Z
cook's harbour,Locks & Locksmiths,https://homestars.com/on/cook's%20harbour/locks-locksmiths,"{""category"":""Client error"",""reason"":""Forbidden"",""message"":""Client error: (403) Forbidden""}",,2022-11-15T14:08:39Z
cook's harbour,Mirrors & Glass,https://homestars.com/on/cook's%20harbour/mirrors-glass,"{""category"":""Client error"",""reason"":""Forbidden"",""message"":""Client error: (403) Forbidden""}",,2022-11-15T14:08:39Z
cook's harbour,Shutters & Blinds,https://homestars.com/on/cook's%20harbour/shutters-blinds,"{""category"":""Client error"",""reason"":""Forbidden"",""message"":""Client error: (403) Forbidden""}",,2022-11-15T14:08:39Z
cook's harbour,Skylight Installation & Repair,https://homestars.com/on/cook's%20harbour/skylights,"{""category"":""Client error"",""reason"":""Forbidden"",""message"":""Client error: (403) Forbidden""}",,2022-11-15T14:08:39Z
cook's harbour,Window & Gutter Cleaning,https://homestars.com/on/cook's%20harbour/window-gutter-cleaning,"{""category"":""Client error"",""reason"":""Forbidden"",""message"":""Client error: (403) Forbidden""}",,2022-11-15T14:08:39Z
cook's harbour,Windows & Doors Installation & Service,https://homestars.com/on/cook's%20harbour/windows-doors,"{""category"":""Client error"",""reason"":""Forbidden"",""message"":""Client error: (403) Forbidden""}",,2022-11-15T14:08:39Z
