Link,n_hits,all_links,category,id,url,hs_path,profile,permalink,created_at,sic_code,service_area,hours,products,services,brands,specialities,established,employee_cnt,payment_method,diplomas,licenses,memberships,liability_insurance,bonded,project_rate,project_minimum,written_contract,written_warranty,warranty_terms,parent_company_id,name,total_number_of_reviews_cache,total_number_of_approved_reviews_cache,number_of_photos_cache,avg_rating_cache,categories_info_cache,savings_count,claimed_at,subdomain,fraudulent,fraudulent_count,total_number_of_pending_reviews_cache,images_count,completion_percent_cache,bully,secret,replied_to_at_least_one_review_cache,latest_approved_review_created_at,has_set_tasks,lead_purchase_eligible,service_area_id,star_score,quote_button_category,direct_phone,direct_contact
https://homestars.com/on/cherrywood/gutters-eavestroughs,35,"c(""https://homestars.com/on/cherrywood/gutters-eavestroughs?&page=2&"", ""https://homestars.com/on/cherrywood/gutters-eavestroughs?&page=3&"", ""https://homestars.com/on/cherrywood/gutters-eavestroughs?&page=4&"")",Gutters & Eavestroughs,2773232,http://www.tiptoptrough.com,/companies/2773232-tip-top-trough?searched_category_id=347&service_area=1786436,"<img title=""Toronto Eavestrough"" src=""http://i61.tinypic.com/2h2e0l4.jpg"" alt=""Toronto Eavestrough Cleaning"" />

<h3>Gutters & Eavestroughs, Eavestrough Repair, Window & Gutter Cleaning</h3>

Tip Top Trough has been specializing in aluminum and copper for almost 20 years. Pierce, the owner, has found great success in treating clients’ homes as if it were his own.  We will add that little extra bit of care to your project. No matter the size.

At Tip Top Trough, we pride ourselves on our industry-leading customer service, as well as our experience in providing custom solutions for all of our clients’  eavestrough and aluminum needs.  

Tip Top Trough’s cleaning services are thorough; the repair jobs are quick and efficient; and the installations are of the highest quality. 

Tip Top Trough is fully insured with WSIB and General Liability, as well as is a Licensed Contractor for the City of Toronto.

<h4>Tip Top Trough Services</h4>

<strong>></strong>  Eavestrough: clean, repair & installation

<strong>></strong> Eavestrough resecuring, resloping

<strong>></strong>  Downpipe: disconnection, extension, installation, resecuring, reassembling, rain barrel installation
 
<strong>></strong>  Heating wire: supply & installation 

<strong>></strong>  Leaf guard supply & installation 

<strong>></strong>  Splash guard supply & installation 

<strong>></strong>  Drip cap supply & installation 

<strong>></strong> Fascia: repair, supply & installation 

<strong>></strong> Soffit: repair, supply & installation 

<strong>></strong> Siding: repair, supply & installation 

<strong>></strong> Leak seals 

<strong>></strong> Ice Damn removal

<strong>></strong> Rain barrel Installations

<strong>></strong> Flashing - Chimneys, Windows and doors

<strong>></strong> Skylight repairs

<strong>Call us today for a free quote 416-781-7406</strong> or visit us online <strong><a href=""http://www.tiptoptrough.com/ContactUs.php"">Tip Top Trough</a></strong> and fill out our quick form!",tip-top-trough,2008-10-07T10:58:36.000-04:00,NA,"Downtown Toronto, Scarborough, Etobicoke, Markham, Maple, Richmond Hill, Vaughan, East York, North York, Beaches, Pickering, Mississauga, Oakville, Durham Region, Peel Region, Newmarket, Aurora<br/>

<br/><img title=""Eavestrough Company Toronto"" src=""http://i62.tinypic.com/30aqdqp.jpg"" alt=""Eavestrough Company Toronto"" />",Mon - Fri 9-5pm,"Kaycan, Gentek, Residential, Alurex","- Eavestrough: clean, repair & installation

-  Eavestrough resecuring, resloping

-  Downpipe: disconnection, extension, installation, resecuring, reassembling, rain barrel installation 

-  Heating wire: supply & installation 

-  Leaf guard supply & installation 

-  Splash guard supply & installation 

-  Drip cap supply & installation 

-  Fascia: repair, supply & installation 

-  Soffit: repair, supply & installation 

-  Siding: repair, supply & installation 

-  Leak seals 

-  Ice Damn removal

-  Flashing - Chimneys, Windows and doors

-  Skylight repairs
",All,"Custom Aluminum, Copper, Zinc & Vinyl",1996,14,"cash, cheque, credit card or email money transfer",,Building Renovators License - City Of Toronto,,TRUE,TRUE,, $175,TRUE,FALSE,3 years,1836284,Tip Top Trough,777,662,305,9.78852,"Gutters & Eavestroughs, Eavestrough Cleaning, Eavestrough Installation, Eavestrough Maintenance, gutter cleaning, gutter installation, gutter maintenance, installing gutters, installing eavestroughs, Eavestrough Repair, ,Window & Gutter Cleaning, Window Cleaning, Eavestrough cleaning, residential window cleaning, Windows, caulking,",5,2008-10-07T10:58:35.000-04:00,tiptoptrough,FALSE,0,0,201,100,FALSE,a6e72e5b270bd13be5737d7f697e2da16bbd9400,TRUE,2022-11-14T15:35:04.000-05:00,TRUE,TRUE,1786436,97.3586896033,347,NA,NA
https://homestars.com/on/cherrywood/gutters-eavestroughs,35,"c(""https://homestars.com/on/cherrywood/gutters-eavestroughs?&page=2&"", ""https://homestars.com/on/cherrywood/gutters-eavestroughs?&page=3&"", ""https://homestars.com/on/cherrywood/gutters-eavestroughs?&page=4&"")",Gutters & Eavestroughs,216223,http://www.megacityroofing.com,/companies/216223-mega-city-roofing-inc?searched_category_id=347&service_area=1877792,"Serving Toronto and some of the surrounding GTA, No west end services...Like Mississauga Brampton nothing west of Bathurst and the 401.
Mega City Roofing Inc. has attained high standards for re-roofing with many years of experience. Mega City Roofing Inc. has served top-quality products and we strive to be the experts in the business. Our experienced talent and efforts are always continual in our services. We provide information on roofing products and solutions to better our customers requirements.

Mega City Roofing Inc. specializes in re-roofing residential, industrial, and commercial roofs. Even with the best quality roofing systems, your roof is only as good as the quality of the installation. Our excellent product knowledge and highest standards of workmanship assure you of a long-lasting quality roof.

All of our skilled staff is trained in roofing methods, materials, and current Occupational Health and Safety Standards, with many years of actual hands on experience and training. Our service includes inspection, consultation and recommendation of appropriate methods, materials and estimates to resolve our customers individual requirements. We have competitive prices and written guarantee's, customer friendly service and staff. We are fully insured and licensed, our employee's are covered under the WSIB to construct a safe working environment. Call us today and get your FREE estimate inspection and remember a roof is only as good as it's installation. Mega City Roofing Inc. you can trust us for all your roofing needs. ",mega-city-roofing-inc,2005-12-11T19:00:00.000-05:00,NA,"Uptown and North Toronto, North York, Scarborough, Thornhill, Richmond HIll, Unionville,  Markham, Vaughan,  Durham - Pickering, Ajax, Whitby, Brooklin, Oshawa<br/>

<br/>LIKE us on FACEBOOK ..........www.facebook.com/megacityroofing
<br />Follow us on Twitter @MCR_INC<br/>

<br/>MESSAGE: We stand behind our work and will solve any issue a customer has. If there is any concerns after a installation of your new roof. Please let me know ASAP to ensure customer satisfaction.",Mon - Sun ,"All roofing products 
GAF Certified Installer providing a 20 year workmanship and 50 year manufacturer warranty.",All year round services provided.,"IKO, Certainteed,GAF Certified Installer of shingle products....Soprema,Duraflow,Hitachi,Dewalt","Asphalt & fibreglass shingles, tar & gravel, Torch applicated membrane, residential & commercial build up, Skylight installation  and aluminum products. ",2000,8,"Cash, cheque",,"Builder,Flat,Shingles,Aluminum Products",BBB,TRUE,TRUE,,$500.00,TRUE,TRUE,20 year workmanship and 50 year manufacturer warranty.,69142,Mega City Roofing Inc,593,383,240,9.87076,"Gutters & Eavestroughs, Eavestrough Cleaning, Eavestrough Installation, Eavestrough Maintenance, gutter cleaning, gutter installation, gutter maintenance, installing gutters, installing eavestroughs, Eavestrough Repair, ,Roofing, Roofing Contractor, Metal Roofing, Roofing Material, Roofing Shingles, Roofing Company, cedar roofing, roofing repair, roof repair, cedar shingles, shingles, roof repair, slate roofing, slate roofs, cedar shakes, roof, how to roof, about roofing, at roofing, the roofing, roofing roofing, a roofing, roof roof roofing, shingles, roofs, shingles for roof, roof shingles, shingles roof, roofing shingles, shingles roofing, metal roof, roof metal, metal roofing, roofing metal, steel roof, steel roofing, roof repair, roof and repair, roofers, roofer, roof tiles, roof tile, tile roof, roofing contractors, roofing companies, metal roofs, roof shingle, shingle roof, contractor roofing, roofing contractor, Roofing Contractor for New Shingles, roofing canada, roofing companies, canadian roofing contractors, roof builders, roofing installers, contractor roofing, roofing calgary, roofing ottawa, roofers calgary, roofing jobs, roofing barrie, best roofing material, vancouver, roofing contractors, roof contractors, roofing supply , home roofing, roofing ontario, roof ontario, commercial roofing, residential roofers, roofing builders, shingle roof contractor, residential roofing company, roof types, best roofing company, fiberglass shingles,  canadian roofing company, flat roofing, industrail roofing, types of roofing, roofing options, list roofing companies, shinglers, roofing estimates, elk shingles,  roofing reviews, asphalt shingles prices, metal sheet roofing, roofing systems, flat roofing companies, roofing and siding, roofers review, new roofing, slate roofing contractors, roof installers, vinyl roofing material, roof sheets, commercial roof repairs,",1,2005-12-11T19:00:00.000-05:00,megacityroofing,FALSE,0,0,232,100,FALSE,057fb75a92f5c866438e273d4d62b600ba1f7d1c,TRUE,2021-09-09T10:17:23.000-04:00,TRUE,TRUE,1877792,94.5726478327,347,NA,NA
https://homestars.com/on/cherrywood/gutters-eavestroughs,35,"c(""https://homestars.com/on/cherrywood/gutters-eavestroughs?&page=2&"", ""https://homestars.com/on/cherrywood/gutters-eavestroughs?&page=3&"", ""https://homestars.com/on/cherrywood/gutters-eavestroughs?&page=4&"")",Gutters & Eavestroughs,2846449,http://www.infinitygutter.ca,/companies/2846449-infinity-gutter?searched_category_id=347&service_area=1953407,"Make sure to request a FREE Estimate!

Infinity Gutter installs new seamless eavestroughs, soffits and fascia , in Toronto, the GTA and the surrounding area. We also repair existing damaged eavestroughs. As an experienced gutter and eavestrough contractor, we have the knowledge and expertise to get the job done right. We can replace your old ""nail on the outside"" eavestrough with a new, beautiful, one-piece seamless eavestrough which is now the industry standard.Our experience and successful track record in the installation of new eavestrough systems makes Infinity Gutter the obvious choice for seamless eavestrough replacement. 
We are fully insured. Please visit us at: http://www.infinitygutter.ca",infinity-gutter,2013-12-11T23:14:55.000-05:00,NA,"Ajax, Bowmanville, Brooklin, Markham, Newmarket, North York, Oshawa, Pickering, Richmond Hill, Scarborough, Stouffville, Thornhill, Toronto, Uxbridge, Whitby",8am - 5pm M-F & weekends by appointment,,"Repairs, Eavestroughs, Leaf Guards, Soffit/Fascia",,,NA,NA,,,,,TRUE,TRUE,,,TRUE,FALSE,,1908885,Infinity Gutter,367,341,10,9.97067,"Gutters & Eavestroughs, Eavestrough Cleaning, Eavestrough Installation, Eavestrough Maintenance, gutter cleaning, gutter installation, gutter maintenance, installing gutters, installing eavestroughs, Eavestrough Repair, ,",0,NA,infinity,FALSE,0,0,10,0,FALSE,9f34f89f1bc2d69f0d835cdaeb77391335608adf,TRUE,2022-08-04T11:12:27.000-04:00,TRUE,TRUE,1953407,99.5692216664,347,NA,NA
https://homestars.com/on/cherrywood/gutters-eavestroughs,35,"c(""https://homestars.com/on/cherrywood/gutters-eavestroughs?&page=2&"", ""https://homestars.com/on/cherrywood/gutters-eavestroughs?&page=3&"", ""https://homestars.com/on/cherrywood/gutters-eavestroughs?&page=4&"")",Gutters & Eavestroughs,2801447,http://www.fortresswindowsinc.com,/companies/2801447-fortress-windows-doors?searched_category_id=347&service_area=1866302,"Fortress Windows and Doors sell and install CSA Certified WindowsEnergyStar,  High Efficiency Windows
We offer our clients Quality, Integrity and Value. We believe that service after the job is completed is just as important as getting paid on the original installation.
I have had the same cell phone number since 1985 so anybody who has conducted business with us knows our number and we ALWAYS respond to our clients.
 
We run TO the problem, not away FROM the problem! (if there is one)
 
We make sure EVERY client is satisfied and that our written contract is fulfilled to the ""T"". We will never ""upcharge"" our clients and our word is our bond! (remember those days?)
When we're done your project, we want to see the smile of our clients knowing that they chose the right company to do their renovation!
34 years installing windows and doors.  Home inspector and have many real estate agents as clients who also refer business to Fortress Windows & Doors.

Our Warranty is the absolute BEST in the industry!",fortress-windows-doors,2012-09-14T12:18:49.000-04:00,NA,"Toronto, Scarborough, Pickering, Ajax, Whitby, Oshawa, Markham, Thornhill, Willowdale, Vaughan,Concord, North York, Mississauga, Etobicoke, Oakville,Woodbridge,  Richmond Hill, Oakridges, Aurora, Newmarket, Bradford, Brooklin",8:30 am until we're done,"Windows, Doors,Sliding Patio Doors, Siding, Garage doors, Eavestrough, fascia, soffit.
California Shutters
Storm Doors
Egress windows for escape from basements in case of emergency","Brick to brick, stud to stud and retrofit window installations - beautiful workmanship.

Doors.

Concrete and brick cutouts to enlarge or make new openings as well as digging and installing window wells.
On site continuous, high strength eavestroughing.
Foam insulation and siding for beauty and energy efficiency.","CSA Certified WIndows,
EnergyStar High Efficiency",Our specialty is making our clients glad they choose Fortress Windows & Doors to do their project - no matter how big or small.,34,NA,"Visa, Mastercard, Cheque, Cash",,Business License ,,TRUE,TRUE,,,TRUE,FALSE,True Lifetime Warranty on windows and workmanship for as long as you own and live at your address.,1864394,Fortress Windows & Doors,338,307,80,9.86645,"Siding, vinyl siding, wood siding, exterior siding, aluminum siding, cedar shakes, cedar shingles, composite wood siding, seamless steel siding, wood clapboard, stone siding, brick siding, exterior, side, sides, how to siding, the siding, the other side, stucco,  how to vinyl siding, about vinyl siding, what is vinyl siding, in vinyl siding, vinyl siding how to, vinyl siding, siding vinyl, how to install vinyl, cement fiber, fiber cement, siding house, house with siding, siding on a house, what is siding on a house, siding for house, siding a house, how to siding a house, siding on house, house siding, siding for a house, ,Windows & Doors Installation & Service, install Replacement Window, Screen Door, Wood door, metal door, fire door, sliding door, french door, glass paned door, sash windows, casement windows, bay windows, bow windows, energy star windows, lead-paned windows, Windows,  wondows, windowa, windwos, winows, windows canada, windows home, canadian windows and doors, window manufacturers canada, house windows canada, canada windows, vinyl windows and doors, windows and doors canada, windows and doors, house windows, vinyl windows, canadian windows, buy windows, windows price, doors canada, windows manufacturers, windows for houses, canada doors, canadian door, windows vinyl, new house windows, canadian made windows, exterior windows, residential windows, black vinyl windows, garden doors canada, windows house, window suppliers, window companies toronto, vinyl windows price, windows canada store, window stores, store windows, vinyl doors, gta windows, buy doors, new windows and doors, shop windows, replacement windows, buy home windows, cheap home windows,  phantom screens, doors ontario, doors canada, canada doors, phantom screen doors, custom sliding window, double french doors, phantom retractable screens, plywood doors, screen doors wood, exterior doors, barn doors, entrance doors, steel doors, sliding screen doors, sliding barn doors, retractable screen door, exterior french doors, saloon doors, french windows, barn style doors, wooden doors, french patio doors, loft doors, solid wood doors, types of doors, custom doors, wood front doors, window doors, invisible screen door, exterior wood doors, interior wood doors, panel doors, door screens,  shutter doors, swing doors, wood entry doors, office doors, barn windows, retractable door, patio screen door, basement doors, exterior glass, exterior glass doors, french door screens, rolling screen door, screens for french doors, wooden exterior door, custom front doors, solid wood exterior doors, unique doors, pocket doors toronto, cheap interior doors, front doors, entry doors, solid oak doors, shop windows, front screen doors, custom wood doors toronto, window installations, window installation companies, windows and doors installation, windows and door installer, door installer, window contractors, door installation toronto, home window installation, windows and doors replacement, door installer toronto, replacement window doors, door replacement toronto, door company, best windows and doors reviews, long life windows, longlife windows, custom windows toronto, replacement doors, certified windows and doors reviews, install vinyl windows, install a door, door contractors, interior door installation, door repair, windows repair, windows replacement, exterior door installation, shower door installation,  front door replacement, garden doors, caulking,Gutters & Eavestroughs, Eavestrough Cleaning, Eavestrough Installation, Eavestrough Maintenance, gutter cleaning, gutter installation, gutter maintenance, installing gutters, installing eavestroughs, Eavestrough Repair, ,",1,NA,fortresswindows,FALSE,0,1,73,100,FALSE,ab01738067b609390f90dce98be8885a6119cdb5,TRUE,2022-11-09T10:24:58.000-05:00,TRUE,TRUE,1866302,98.6852587778,347,NA,NA
https://homestars.com/on/cherrywood/gutters-eavestroughs,35,"c(""https://homestars.com/on/cherrywood/gutters-eavestroughs?&page=2&"", ""https://homestars.com/on/cherrywood/gutters-eavestroughs?&page=3&"", ""https://homestars.com/on/cherrywood/gutters-eavestroughs?&page=4&"")",Gutters & Eavestroughs,2811758,https://www.ontariodownspoutservice.com,/companies/2811758-ontario-downspout-service?searched_category_id=347&service_area=2213807,"Ontario Downspout Service is a family-run company with expertise in: Eavestrough Installation, Soffit & Fascia, Siding, Roofing, Trenching and Downspout Disconnection. Servicing Toronto and the GTA, Ontario Downspout Service guarantees quality and reliability at affordable pricing..

",ontario-downspout-service,2013-06-25T18:08:06.000-04:00,NA,"TORONTO & GTA:
<br />Scarborough, North York, Etobicoke, East York, & York, Vaughan, Richmondhill, Peel, Durham, Aurora  <br/>

<br/>",24/7,,"Eavestrough,  Soffit & Fascia, Downspout Disconnection, 
Siding, Capping,  Eavestrough Cleaning and Repairs, Copperwork, Custom Metal Roofing, and Trenching  
 ",Gentek (http://www.gentek.ca/en/Index.aspx),"All Aluminum work, including: 
5"" & 6"" Seamless Aluminum Eavestrough, Aluminum Soffit & Heavy Gauge Custom Made Fascia, Aluminum, Vinyl, PVC, Cedar Shake & Wood Siding, Aluminum Garage Door & Window Capping, Eavestrough & Downspout Repairs, Eavestrough Cleanings and Downspout Disconnection, Copperwork, Custom Metal Roofing, and Trenching  ",NA,NA,Cash - Cheque - Credit Cards,,Toronto License No. T85 - 4309787,,TRUE,FALSE,,,TRUE,FALSE,10 years on new installations ,1874758,Ontario Downspout Service,311,284,37,9.96479,"Gutters & Eavestroughs, Eavestrough Cleaning, Eavestrough Installation, Eavestrough Maintenance, gutter cleaning, gutter installation, gutter maintenance, installing gutters, installing eavestroughs, Eavestrough Repair, ,Roofing, Roofing Contractor, Metal Roofing, Roofing Material, Roofing Shingles, Roofing Company, cedar roofing, roofing repair, roof repair, cedar shingles, shingles, roof repair, slate roofing, slate roofs, cedar shakes, roof, how to roof, about roofing, at roofing, the roofing, roofing roofing, a roofing, roof roof roofing, shingles, roofs, shingles for roof, roof shingles, shingles roof, roofing shingles, shingles roofing, metal roof, roof metal, metal roofing, roofing metal, steel roof, steel roofing, roof repair, roof and repair, roofers, roofer, roof tiles, roof tile, tile roof, roofing contractors, roofing companies, metal roofs, roof shingle, shingle roof, contractor roofing, roofing contractor, Roofing Contractor for New Shingles, roofing canada, roofing companies, canadian roofing contractors, roof builders, roofing installers, contractor roofing, roofing calgary, roofing ottawa, roofers calgary, roofing jobs, roofing barrie, best roofing material, vancouver, roofing contractors, roof contractors, roofing supply , home roofing, roofing ontario, roof ontario, commercial roofing, residential roofers, roofing builders, shingle roof contractor, residential roofing company, roof types, best roofing company, fiberglass shingles,  canadian roofing company, flat roofing, industrail roofing, types of roofing, roofing options, list roofing companies, shinglers, roofing estimates, elk shingles,  roofing reviews, asphalt shingles prices, metal sheet roofing, roofing systems, flat roofing companies, roofing and siding, roofers review, new roofing, slate roofing contractors, roof installers, vinyl roofing material, roof sheets, commercial roof repairs,",0,NA,ods,FALSE,0,0,78,NA,FALSE,e3cc36074b66b7fb78e7e89101fdaf5b05b7f9ac,TRUE,2022-10-18T20:25:13.000-04:00,TRUE,TRUE,2213807,99.4732931267,347,NA,NA
https://homestars.com/on/cherrywood/gutters-eavestroughs,35,"c(""https://homestars.com/on/cherrywood/gutters-eavestroughs?&page=2&"", ""https://homestars.com/on/cherrywood/gutters-eavestroughs?&page=3&"", ""https://homestars.com/on/cherrywood/gutters-eavestroughs?&page=4&"")",Gutters & Eavestroughs,194958,http://www.alpineroofing.ca,/companies/194958-alpine-roofing?searched_category_id=347&service_area=1969104,"Alpine Roofing Is Southern Ontario's premier roofing company, our specialties also include Siding, Gutters & Eavestroughs, Chimney Build & Repair.  ",alpine-roofing,2008-01-23T10:22:04.000-05:00,NA,"Brampton, Concord, Etobicoke, Markham, Mississauga, Newmarket, North York, Oakville, Richmond Hill, Scarborough, Thornhill, Toronto, Unionville, Vaughan, Woodbridge",,,,,,1974,NA,,,,,TRUE,FALSE,,,TRUE,FALSE,,52080,Alpine Roofing,484,378,91,8.63955,"Roofing, Roofing Contractor, Metal Roofing, Roofing Material, Roofing Shingles, Roofing Company, cedar roofing, roofing repair, roof repair, cedar shingles, shingles, roof repair, slate roofing, slate roofs, cedar shakes, roof, how to roof, about roofing, at roofing, the roofing, roofing roofing, a roofing, roof roof roofing, shingles, roofs, shingles for roof, roof shingles, shingles roof, roofing shingles, shingles roofing, metal roof, roof metal, metal roofing, roofing metal, steel roof, steel roofing, roof repair, roof and repair, roofers, roofer, roof tiles, roof tile, tile roof, roofing contractors, roofing companies, metal roofs, roof shingle, shingle roof, contractor roofing, roofing contractor, Roofing Contractor for New Shingles, roofing canada, roofing companies, canadian roofing contractors, roof builders, roofing installers, contractor roofing, roofing calgary, roofing ottawa, roofers calgary, roofing jobs, roofing barrie, best roofing material, vancouver, roofing contractors, roof contractors, roofing supply , home roofing, roofing ontario, roof ontario, commercial roofing, residential roofers, roofing builders, shingle roof contractor, residential roofing company, roof types, best roofing company, fiberglass shingles,  canadian roofing company, flat roofing, industrail roofing, types of roofing, roofing options, list roofing companies, shinglers, roofing estimates, elk shingles,  roofing reviews, asphalt shingles prices, metal sheet roofing, roofing systems, flat roofing companies, roofing and siding, roofers review, new roofing, slate roofing contractors, roof installers, vinyl roofing material, roof sheets, commercial roof repairs,Gutters & Eavestroughs, Eavestrough Cleaning, Eavestrough Installation, Eavestrough Maintenance, gutter cleaning, gutter installation, gutter maintenance, installing gutters, installing eavestroughs, Eavestrough Repair, ,Siding, vinyl siding, wood siding, exterior siding, aluminum siding, cedar shakes, cedar shingles, composite wood siding, seamless steel siding, wood clapboard, stone siding, brick siding, exterior, side, sides, how to siding, the siding, the other side, stucco,  how to vinyl siding, about vinyl siding, what is vinyl siding, in vinyl siding, vinyl siding how to, vinyl siding, siding vinyl, how to install vinyl, cement fiber, fiber cement, siding house, house with siding, siding on a house, what is siding on a house, siding for house, siding a house, how to siding a house, siding on house, house siding, siding for a house, ,Chimney Build & Repair, Chimney repairs, Chimney Building, Chimney maintenance, Chimney sweeping, chimney cleaning, chimney, fireplace and chimney, chimney sweep, chimney cleaning how to, chimney cleaning, chimney repair, repair chimney, chimney clean, chimney cleaners, brick chimney, chimney service, chimney cleaner, new chimney, chimney repair service, build chimney, chimney build, chimney restoration, fireplace chimney cleaning, fireplace chimney repair, chimney cleaning repair, chimney building, chimney building how to, ,",0,2011-04-07T11:22:26.000-04:00,alpineroofing,FALSE,0,0,91,10,FALSE,b3ad44922ef95dd80f39e97c5fb17b206c75b51f,TRUE,2022-10-05T08:43:54.000-04:00,TRUE,TRUE,1969104,88.3755470901,347,NA,NA
https://homestars.com/on/cherrywood/gutters-eavestroughs,35,"c(""https://homestars.com/on/cherrywood/gutters-eavestroughs?&page=2&"", ""https://homestars.com/on/cherrywood/gutters-eavestroughs?&page=3&"", ""https://homestars.com/on/cherrywood/gutters-eavestroughs?&page=4&"")",Gutters & Eavestroughs,2895515,http://milestonealuminuminc.ca/,/companies/2895515-milestone-aluminum-inc?searched_category_id=347&service_area=2119290,"Interested in a FREE estimate?
We are a family owned company built after 15 years of experience in the industry. We specialize in offering high quality products and services for clients in Toronto and other areas in the GTA region such as Richmond Hill, Mississauga, Brampton, Vaughan, Scarborough, Newmarket, Markham, Oakville. We are prompt, professional and reliable. Call us now to book your Free Estimate. We will book a date and time that is convenient for you and your family. We promise to offer a reasonable and competitive quote while assuring that the work will be carried out by a fully qualified crew. For questions or inquiries, please do not hesitate to contact us at (416) 824 4212 or visit us at www.milestonealuminuminc.ca 
We look forward to hearing from you!

OUR SERVICES

Eavestrough and Downpipes 
Soffit and Fascia
Siding
Railing and Columns
Leafguards 
Frieze Boards ande Decorative Mouldings 
Year-round Repairs and Maintenance

We deliver the best aluminum work in Toronto and other areas. We provide our services in:
Toronto
Richmond Hill
Newmarket
Vaughan
Markham
Scarborough
Mississauga
Oakville
Brampton 

********************************************************************************

OUR PROJECTS

From small homes to large commercial buildings, we can get it done!

********************************************************************************

OUR PROMISE

We will deliver the highest quality products and services for the best price in the market!

High quality service.

Premium products.

Best price in the market.

We promise a free estimate on your property and to offer the best price in the market for your products and services. Contact us to find out!


Loyalty and professionalism
We have been in the business for over ten years and we appreciate that you trust us with your property. In return, we promise you our utmost loyalty and respect towards your property and needs. 
Quick response to your needs.
We are one phone call away.  

Satisfaction and Warranty
We promise to leave you happy with your new installments and proud for choosing Milestone Aluminum Inc. We will also leave you with a Warranty Certificate, which will guarantee that we take charge for the work done on your property. We offer a 4 year service warranty along with a 25 year warranty on products and material. We are committed to completing our project within the timeline provided to you.
",milestone-aluminum-inc,2017-03-29T10:11:40.000-04:00,NA,NA,NA,,"EAVESTROUGH & DOWNPIPES
SOFFIT & FASCIA
SIDING
RAILINGS & COLUMNS
ROOFING
FRIEZE BOARD & DECORATIVE MOULDINGS
MAINTENANCE, REPAIRS & INSTALLATIONS
","GENTEK
KAYCAN
MITTEN
ROYAL
CertainTeed","Free Estimates & Consultation
WSIB Certified 
Liability Insurance 
Fully trained and Qualified Crew 
Working on Heights Certified ",2017,NA,Cheque and e-transfers,,Homestarts Verified,,TRUE,FALSE,,,TRUE,FALSE,4 years workmanship; 25 years on products and material,1957939,Milestone Aluminum Inc ,221,199,324,9.99498,"Gutters & Eavestroughs, Eavestrough Cleaning, Eavestrough Installation, Eavestrough Maintenance, gutter cleaning, gutter installation, gutter maintenance, installing gutters, installing eavestroughs, Eavestrough Repair, ,Siding, vinyl siding, wood siding, exterior siding, aluminum siding, cedar shakes, cedar shingles, composite wood siding, seamless steel siding, wood clapboard, stone siding, brick siding, exterior, side, sides, how to siding, the siding, the other side, stucco,  how to vinyl siding, about vinyl siding, what is vinyl siding, in vinyl siding, vinyl siding how to, vinyl siding, siding vinyl, how to install vinyl, cement fiber, fiber cement, siding house, house with siding, siding on a house, what is siding on a house, siding for house, siding a house, how to siding a house, siding on house, house siding, siding for a house, ,Railings, stair railings, outdoor railings, iron railings, wrought iron railings, wood railings, rail, gates, fence, rails, fencing, rail times, fences, fence gate, fence gates, railing, wrought, wrought iron, handrail, handrails, balustrade, balconies, rail simulator, speed rail, iron works, stair steps, balusters, iron work, fence panels, hand rail, banister, hand railing, rail works, ironworks, balustrades, front gates, curtain rails, garden gate, iron gate, gate iron, gates iron, iron gates, ,",0,NA,milestonealu,FALSE,0,0,353,0,FALSE,330a6612afa2b5ba556867f086b3d6acba19ffa4,TRUE,2021-08-26T12:44:12.000-04:00,TRUE,TRUE,2119290,99.687032819,347,NA,NA
https://homestars.com/on/cherrywood/gutters-eavestroughs,35,"c(""https://homestars.com/on/cherrywood/gutters-eavestroughs?&page=2&"", ""https://homestars.com/on/cherrywood/gutters-eavestroughs?&page=3&"", ""https://homestars.com/on/cherrywood/gutters-eavestroughs?&page=4&"")",Gutters & Eavestroughs,2788733,http://www.novakaluminum.com/,/companies/2788733-novak-s-aluminum-ltd?searched_category_id=347&service_area=2133682,"Owner operated business, family-owned 2nd generation aluminum installer. Specializing in quality installation of aluminum, steel, and vinyl products such as siding soffit facia and eavestroughs. 


",novak-s-aluminum-ltd,2011-07-05T17:04:22.000-04:00,NA,"Stouffville, GTA, Markham, Aurora, Newmarket, uxbridge, Pickering",8-6 Monday to sat,"Eavestrough / Gutters
Downpipes / Downspouts
Fascia 
Siding (Vinyl, Steel & Aluminum
Leaf Guards 
ACM Panels 
","New Construction 
Renovation 
Insurance 
Cleaning 
","Gentek 
Alu-Rex
Lindab 
Easy Trim / Easy Panel","on-site custom metal bending of up to 26g Steel. 
Seamless eavestrough extrusion ",2003,3,"Cheque, E-Transfer, Cash",,Toronto Renovator License # B26319,Gentek Premium Renovator  -Alu-Rex Elite Installer,TRUE,TRUE,Upfront detailed estimate with no overages or hidden charges,$300,TRUE,FALSE,5 Year workmanship plus manufacturers warranty.  -14 Payment Terms ,1851785,Novak Aluminum,190,171,297,9.97661,"Gutters & Eavestroughs, Eavestrough Cleaning, Eavestrough Installation, Eavestrough Maintenance, gutter cleaning, gutter installation, gutter maintenance, installing gutters, installing eavestroughs, Eavestrough Repair, ,Siding, vinyl siding, wood siding, exterior siding, aluminum siding, cedar shakes, cedar shingles, composite wood siding, seamless steel siding, wood clapboard, stone siding, brick siding, exterior, side, sides, how to siding, the siding, the other side, stucco,  how to vinyl siding, about vinyl siding, what is vinyl siding, in vinyl siding, vinyl siding how to, vinyl siding, siding vinyl, how to install vinyl, cement fiber, fiber cement, siding house, house with siding, siding on a house, what is siding on a house, siding for house, siding a house, how to siding a house, siding on house, house siding, siding for a house, ,",0,2012-04-23T18:19:21.000-04:00,novakaluminum,FALSE,0,0,234,NA,FALSE,cde293fe19892a0009925b9e4795bf132462cdcf,TRUE,2022-07-11T08:51:59.000-04:00,TRUE,TRUE,2133682,99.40546234,347,NA,NA
https://homestars.com/on/cherrywood/gutters-eavestroughs,35,"c(""https://homestars.com/on/cherrywood/gutters-eavestroughs?&page=2&"", ""https://homestars.com/on/cherrywood/gutters-eavestroughs?&page=3&"", ""https://homestars.com/on/cherrywood/gutters-eavestroughs?&page=4&"")",Gutters & Eavestroughs,2797495,,/companies/2797495-home-exterior-aluminum?searched_category_id=347&service_area=1860702,"Home Exterior Aluminum specialize in :
-Eavestrough 
-Soffit & Fascia 
-Siding  
-Leafguard/Gutter Protection",home-exterior-aluminum,2012-04-23T11:48:21.000-04:00,NA," Toronto,Markham,North York, Richmond Hill, Scarborough, Thornhill,  Vaughan,Etobicoke,Mississauga, GTA.",,"Siding (vinyl, aluminum); seamless gutters/eavestroughs; Alu-Rex leaf guard; soffit & fascia","Supply, install, and maintain eavestrough, siding, soffit & fascia, leafguard, and windows,doors and garage doors capping. "," Residential Buidling Products, Gentek. Alu-Rex. Kaycan.",,NA,NA,,,,,TRUE,FALSE,,$500,TRUE,FALSE,standard,1860547,Home Exterior Aluminum,190,175,159,9.99429,"Gutters & Eavestroughs, Eavestrough Cleaning, Eavestrough Installation, Eavestrough Maintenance, gutter cleaning, gutter installation, gutter maintenance, installing gutters, installing eavestroughs, Eavestrough Repair, ,Siding, vinyl siding, wood siding, exterior siding, aluminum siding, cedar shakes, cedar shingles, composite wood siding, seamless steel siding, wood clapboard, stone siding, brick siding, exterior, side, sides, how to siding, the siding, the other side, stucco,  how to vinyl siding, about vinyl siding, what is vinyl siding, in vinyl siding, vinyl siding how to, vinyl siding, siding vinyl, how to install vinyl, cement fiber, fiber cement, siding house, house with siding, siding on a house, what is siding on a house, siding for house, siding a house, how to siding a house, siding on house, house siding, siding for a house, ,",1,2012-04-23T11:48:23.000-04:00,homeexterioraluminum,FALSE,0,0,88,100,FALSE,816898df4cbf0f4f329fb9ad099bca837cb53e91,TRUE,2022-06-21T19:28:03.000-04:00,TRUE,TRUE,1860702,96.8989914904,347,NA,NA
https://homestars.com/on/cherrywood/gutters-eavestroughs,35,"c(""https://homestars.com/on/cherrywood/gutters-eavestroughs?&page=2&"", ""https://homestars.com/on/cherrywood/gutters-eavestroughs?&page=3&"", ""https://homestars.com/on/cherrywood/gutters-eavestroughs?&page=4&"")",Gutters & Eavestroughs,2802538,http://www.homedoctorgta.com/,/companies/2802538-home-doctor?searched_category_id=347&service_area=1868057,"Siding and Eavestrough Contractor, servicing Toronto and the GTA. Home Doctor supplies and installs vinyl and aluminum siding, vinyl shakes, siding insulation, 5"" & 6"" seamless aluminum and copper eavestroughs & downpipes, aluminum and copper fascia, aluminum and copper soffits, custom aluminum and copper capping, flashing and trim work. Our skilled crews are equipped to install both 5"" & 6"" seamless aluminum and copper eavestroughs, all with mitred corners. Check out our website to see the vast colour and style options that we have available in vinyl & aluminum siding and shakes.

****

Call us to book a FREE, no obligation house call and estimate.

****

Why choose Home Doctor?

- Servicing Toronto & the GTA
- Customer service is our #1 priority
- Homes of any age, size or configuration
- Highly skilled installation crews 
- Residential & commercial projects
- Competitive pricing
- Extensive colour & style options
- Premium Canadian made materials
- Prompt, efficient & clean service
- Quality workmanship
- Satisfaction guaranteed
- All crews have WSIB clearance
- Working at heights certified
- Fully insured

Ask us about our BUNDLE DISCOUNTS. Save up to 25% when you replace your eavestroughs, fascia & soffits together.

All materials installed by Home Doctor are covered by a manufacturer's lifetime warranty.

",home-doctor,2012-10-29T23:37:54.000-04:00,NA,"Servicing Toronto & the GTA:  Leaside, Forest Hill, Rosedale, NorthYork, East York, Cabbage Town, The Beach, Etobicoke, Mississauga, Oakville, Rexdale, Concord, Markham, Thornhill, Vaughan, Richmond Hill, Woodbridge, Uxbridge, Stouffville, Scarborough, Pickering, Ajax, Whitby, Oshawa and Brampton",,"Vinyl and aluminum siding, vinyl shakes, insulation, Aluminum fascia, soffits, 5"" & 6"" seamless eavestroughs & downpipes. Custom aluminum capping, flashing and trim work.","Home Doctor supplies and installs vinyl and aluminum siding, vinyl shakes, siding insulation, 5"" & 6"" seamless aluminum and copper eavestroughs & downpipes, aluminum and copper fascia, aluminum and copper soffits, custom aluminum and copper capping, flashing and trim work.",KAYCAN & GENTEK Building Products,"Vinyl and aluminum siding, vinyl shakes, insulation, Aluminum fascia, soffits, 5"" & 6"" seamless eavestroughs & downpipes. Custom aluminum capping, flashing and trim work.",1999,15,"Cash, Cheque, Visa, Mastercard, Amex",N/A,Working at heights,"TRUSTEDPROS.ca, HomeStars",TRUE,TRUE,,,TRUE,FALSE,All installations are guaranteed against leaking,1865539,Home Doctor,149,137,133,9.93431,"Siding, vinyl siding, wood siding, exterior siding, aluminum siding, cedar shakes, cedar shingles, composite wood siding, seamless steel siding, wood clapboard, stone siding, brick siding, exterior, side, sides, how to siding, the siding, the other side, stucco,  how to vinyl siding, about vinyl siding, what is vinyl siding, in vinyl siding, vinyl siding how to, vinyl siding, siding vinyl, how to install vinyl, cement fiber, fiber cement, siding house, house with siding, siding on a house, what is siding on a house, siding for house, siding a house, how to siding a house, siding on house, house siding, siding for a house, ,Gutters & Eavestroughs, Eavestrough Cleaning, Eavestrough Installation, Eavestrough Maintenance, gutter cleaning, gutter installation, gutter maintenance, installing gutters, installing eavestroughs, Eavestrough Repair, ,",2,NA,homedoctor,FALSE,0,0,149,NA,FALSE,856115a29033138992fb50d983a24e07ee3e7203,TRUE,2021-09-01T10:21:29.000-04:00,TRUE,TRUE,1868057,99.341334234,347,NA,NA
https://homestars.com/on/cherrywood/gutters-eavestroughs,35,"c(""https://homestars.com/on/cherrywood/gutters-eavestroughs?&page=2&"", ""https://homestars.com/on/cherrywood/gutters-eavestroughs?&page=3&"", ""https://homestars.com/on/cherrywood/gutters-eavestroughs?&page=4&"")",Gutters & Eavestroughs,2870185,http://www.torcangroupgta.com/,/companies/2870185-torcan-group?searched_category_id=347&service_area=2031481,"Here at Torcan Group we offer the best exterior renovations such as eavestrough, gutters, downpipies, soffit,facia, siding, shingle roofing, flat roofing, windows, doors, custom cladding, flashing, aluminum capping, columns and railings.

****
 
Torcan Group has over 15 Years of experience, are Honest And Reliable Professional, and are fully Bonded and Insured.

****

eavestrough,roofing, lifetime shingles, soffit, facia, aluminum, custom cladding, LED potlights, Repairs, Windows, Doors, siding, leaf guards, steel siding, aluminum siding, wood siding, longboard, James Hardie, Downpipe disconnections",torcan-group,2015-05-06T20:36:07.000-04:00,NA,NA,NA,"Certainteed, IKO, GAF, Owens Corning, Gentek, Kaycan, Longboard, James Hardie, Vinyl Built","eavestrough,roofing, lifetime shingles, soffit, facia, aluminum, custom cladding, LED potlights, Repairs, Windows, Doors, siding, leaf guards, steel siding, aluminum siding, wood siding, longboard, James Hardie, Downpipe disconnections",,,2008,5,"cheque, cash, MC or VISA",,,BBB,TRUE,TRUE,,,TRUE,FALSE,5 to 15 years on Labour,1932609,Torcan Group,148,103,440,9.95146,"Gutters & Eavestroughs, Eavestrough Cleaning, Eavestrough Installation, Eavestrough Maintenance, gutter cleaning, gutter installation, gutter maintenance, installing gutters, installing eavestroughs, Eavestrough Repair, ,Roofing, Roofing Contractor, Metal Roofing, Roofing Material, Roofing Shingles, Roofing Company, cedar roofing, roofing repair, roof repair, cedar shingles, shingles, roof repair, slate roofing, slate roofs, cedar shakes, roof, how to roof, about roofing, at roofing, the roofing, roofing roofing, a roofing, roof roof roofing, shingles, roofs, shingles for roof, roof shingles, shingles roof, roofing shingles, shingles roofing, metal roof, roof metal, metal roofing, roofing metal, steel roof, steel roofing, roof repair, roof and repair, roofers, roofer, roof tiles, roof tile, tile roof, roofing contractors, roofing companies, metal roofs, roof shingle, shingle roof, contractor roofing, roofing contractor, Roofing Contractor for New Shingles, roofing canada, roofing companies, canadian roofing contractors, roof builders, roofing installers, contractor roofing, roofing calgary, roofing ottawa, roofers calgary, roofing jobs, roofing barrie, best roofing material, vancouver, roofing contractors, roof contractors, roofing supply , home roofing, roofing ontario, roof ontario, commercial roofing, residential roofers, roofing builders, shingle roof contractor, residential roofing company, roof types, best roofing company, fiberglass shingles,  canadian roofing company, flat roofing, industrail roofing, types of roofing, roofing options, list roofing companies, shinglers, roofing estimates, elk shingles,  roofing reviews, asphalt shingles prices, metal sheet roofing, roofing systems, flat roofing companies, roofing and siding, roofers review, new roofing, slate roofing contractors, roof installers, vinyl roofing material, roof sheets, commercial roof repairs,Siding, vinyl siding, wood siding, exterior siding, aluminum siding, cedar shakes, cedar shingles, composite wood siding, seamless steel siding, wood clapboard, stone siding, brick siding, exterior, side, sides, how to siding, the siding, the other side, stucco,  how to vinyl siding, about vinyl siding, what is vinyl siding, in vinyl siding, vinyl siding how to, vinyl siding, siding vinyl, how to install vinyl, cement fiber, fiber cement, siding house, house with siding, siding on a house, what is siding on a house, siding for house, siding a house, how to siding a house, siding on house, house siding, siding for a house, ,",0,2015-05-06T20:36:08.000-04:00,torcangroup,FALSE,0,0,214,0,FALSE,a6c2fa95d2256ba401fd9b8d2f4c237bd31ebf1d,TRUE,2022-05-31T17:13:27.000-04:00,TRUE,TRUE,2031481,98.4405626119,347,NA,NA
https://homestars.com/on/cherrywood/gutters-eavestroughs,35,"c(""https://homestars.com/on/cherrywood/gutters-eavestroughs?&page=2&"", ""https://homestars.com/on/cherrywood/gutters-eavestroughs?&page=3&"", ""https://homestars.com/on/cherrywood/gutters-eavestroughs?&page=4&"")",Gutters & Eavestroughs,2814911,http://www.cityroofing.ca/,/companies/2814911-city-roofing-aluminum-co?searched_category_id=347&service_area=1891266,"City roofing and aluminum co. has been in business since 1994, over all these years, our extreme commitment to excellence and customer service make us one of the most trusted name in the roofing industry.
Our roofing department offers residential and commercial services including re-roofing; new roof construction and retro-fitting, we install a wide range of materials such as asphalt shingles, metal roofing, composite roof and cedar wood shakes.
Our aluminum department offers complete aluminum product.s and sheet metal work, our crews utilizes state of art tools and equipment to install aluminum soffit, fascia, seamless eavestrough and rainware accessories.
What’s more, in addition to providing re-roofing services and new construction work, we also offer roofing repair services, on-going maintenance service, and roofing inspection consultations.  These services are designed to extend the life of your roof by identifying and fixing the minor problems before they become major issues.",city-roofing-aluminum-co,2013-09-21T18:37:25.000-04:00,NA,NA,NA,,,,,NA,NA,,,,,FALSE,FALSE,,,FALSE,FALSE,,1877856,City Roofing & Aluminum Co.,129,117,39,9.65812,"Roofing, Roofing Contractor, Metal Roofing, Roofing Material, Roofing Shingles, Roofing Company, cedar roofing, roofing repair, roof repair, cedar shingles, shingles, roof repair, slate roofing, slate roofs, cedar shakes, roof, how to roof, about roofing, at roofing, the roofing, roofing roofing, a roofing, roof roof roofing, shingles, roofs, shingles for roof, roof shingles, shingles roof, roofing shingles, shingles roofing, metal roof, roof metal, metal roofing, roofing metal, steel roof, steel roofing, roof repair, roof and repair, roofers, roofer, roof tiles, roof tile, tile roof, roofing contractors, roofing companies, metal roofs, roof shingle, shingle roof, contractor roofing, roofing contractor, Roofing Contractor for New Shingles, roofing canada, roofing companies, canadian roofing contractors, roof builders, roofing installers, contractor roofing, roofing calgary, roofing ottawa, roofers calgary, roofing jobs, roofing barrie, best roofing material, vancouver, roofing contractors, roof contractors, roofing supply , home roofing, roofing ontario, roof ontario, commercial roofing, residential roofers, roofing builders, shingle roof contractor, residential roofing company, roof types, best roofing company, fiberglass shingles,  canadian roofing company, flat roofing, industrail roofing, types of roofing, roofing options, list roofing companies, shinglers, roofing estimates, elk shingles,  roofing reviews, asphalt shingles prices, metal sheet roofing, roofing systems, flat roofing companies, roofing and siding, roofers review, new roofing, slate roofing contractors, roof installers, vinyl roofing material, roof sheets, commercial roof repairs,Gutters & Eavestroughs, Eavestrough Cleaning, Eavestrough Installation, Eavestrough Maintenance, gutter cleaning, gutter installation, gutter maintenance, installing gutters, installing eavestroughs, Eavestrough Repair, ,Skylight Installation & Repair, overhead windows, windows, fanlights, aperture, bay, bay window, bow, casement, dormer, fanlight, fenestella, fenestra, fenestration, jalousie, lancet, lucarne, lunette, lunette window, mullioned, oriel, picture window, porthole, rose window, skylight, the skylight, skylight light, sun tube, loft ladder, loft ladders, skylite, solar tube, sun windows,  day lighting,  solar tubes, sun tubes, sun tunnel, windows skylight, skylight windows, ,",0,NA,cityroofing,FALSE,0,1,47,0,FALSE,5f16b5415f0b31ecb4c1254eb00a3683b8e8fdc0,TRUE,2022-08-23T19:51:54.000-04:00,TRUE,TRUE,1891266,97.3668585925,347,NA,NA
https://homestars.com/on/cherrywood/gutters-eavestroughs,35,"c(""https://homestars.com/on/cherrywood/gutters-eavestroughs?&page=2&"", ""https://homestars.com/on/cherrywood/gutters-eavestroughs?&page=3&"", ""https://homestars.com/on/cherrywood/gutters-eavestroughs?&page=4&"")",Gutters & Eavestroughs,215027,http://www.magicmonkey.ca,/companies/215027-magic-monkey-inc?searched_category_id=347&service_area=2292986,"SERVING SCARBOROUGH AND DURHAM REGION (PICKERING, AJAX, WHITBY, OSHAWA, COURTICE, BOWMANVILLE)

RESIDENTIAL SERVICES:

• EAVESTROUGH REPAIR • REPLACEMENT • INSTALLATION

• DOWNSPOUT INSTALLATION • DISCONNECTION AND RE-ROUTING

• LEAF GUARD INSTALLATION

• RAIN BARREL INSTALLATION

• EAVESTROUGH CLEANING

CONTACT US NOW TO SCHEDULE YOUR NEXT SERVICE OR FOR A FREE ESTIMATE!",magic-monkey-inc,2006-07-16T20:00:00.000-04:00,NA,"THE BEACHES, DANFORTH VILLAGE, THE ANNEX, MID-TOWN, 
<br />EAST YORK, SCARBOROUGH, DON MILLS, AND NORTH YORK. ",8 am to 5 pm,SMART SCREEN AND MICRO MESH LEAF GUARD SYSTEMS   ,"PROFESSIONAL RESIDENTIAL SERVICES:
                                      
EAVESTROUGH CLEANING,

EAVESTROUGH INSTALLATION,

EAVESTROUGH REPAIR.

AUTHORIZED DEALER AND INSTALLER OF SMART SCREEN AND MICRO-MESH LEAF GUARD SYSTEMS.","K-CAN, BUCKNER, SMART SCREEN","""QUALITY SERVICE, QUALITY RESULTS""",2005,NA,"Interac e-Transfer, Cheque, Major Credit Card",,"Registered, insured, bonded and licensed by the Province of Ontario",,TRUE,TRUE,,$160,TRUE,FALSE,"3 Year Service Warranty, Manufacturer Warranty ",68264,Magic Monkey Inc.,137,108,29,9.60185,"Gutters & Eavestroughs, Eavestrough Cleaning, Eavestrough Installation, Eavestrough Maintenance, gutter cleaning, gutter installation, gutter maintenance, installing gutters, installing eavestroughs, Eavestrough Repair, ,Window & Gutter Cleaning, Window Cleaning, Eavestrough cleaning, residential window cleaning, Windows, caulking,House Cleaning Exteriors, exterior house cleaning, sandblasting, powerwashing, cleaner, power wash, washer, sand, pressure washing companies, house washing service, pressure washing houses, pressure washing business, pressure washing service, house power washing, power washing business, exterior house cleaning products, pressure washing roof, window washing, window washing services, exterior house cleaning services, house cleaner, exterior house cleaning chemicals, house washing, power washing, pressure washing, exterior house cleaning, home pressure washing, house exterior cleaning, power washing homes, pressure washing services, house cleaning exterior, house cleaner services, power washing house, power washing services, , power was vinyl siding,  pressure washing house, power washing houses, house washing business, exterior house wash, power washing service, pressure cleaning, power washing companies, exterior house cleaners, home cleaning, exterior house washing, housekeeping services, home cleaning services, power wash, exterior home cleaning, pressure washing company, pressure washing homes, cleaning exterior windows, power washing a house, pressure washing gutters, ,",3,2011-07-05T17:48:08.000-04:00,magicmonkey,FALSE,0,1,38,NA,FALSE,9547d4427f3773bd4832b296c173156e52ec4aa4,TRUE,2022-05-28T06:22:00.000-04:00,TRUE,TRUE,2292986,95.4311292682,347,NA,NA
https://homestars.com/on/cherrywood/gutters-eavestroughs,35,"c(""https://homestars.com/on/cherrywood/gutters-eavestroughs?&page=2&"", ""https://homestars.com/on/cherrywood/gutters-eavestroughs?&page=3&"", ""https://homestars.com/on/cherrywood/gutters-eavestroughs?&page=4&"")",Gutters & Eavestroughs,2917664,https://oakhillsroofing.ca/,/companies/2917664-oak-hills-roofing-ltd?searched_category_id=347&service_area=2170219,"After being in the industry for several years we’ve learned customer satisfaction and quality workmanship are the cornerstones of business in the construction industry and we at Oak Hills Roofing take pride in our work.  From the initial telephone conversation to the completed project, we’re here for you!
  
At Oak Hills Roofing not only do we specialize in roofing services to both residential and commercial customers but we also do eavestroughs, facia, soffits, siding, decks, fences and much more. In Ontario, we proudly serve Northumberland County, Durham Region, Peterborough, the Kawartha’s and the GTA.  We are professional, experienced, dependable and hard-working. Call or email anytime and request a free estimate. We are confident that we can provide you with a reasonable quote for quality workmanship!
 
Phone: 905-269-8839
Email contact for quotes: jay@oakhillsroofing.ca
https://www.facebook.com/oakhillsroofing/ ",oak-hills-roofing-ltd,2018-06-05T08:31:51.000-04:00,NA,NA,NA,,"Shingle Roofs, Steel Roofs, Eavestrough, Soffits, Fascia, Decks, Fences and more",,,2017,15,E-Transfer and Cheque,,Working at Heights and all Safety Certifications,BP Certified Installer,TRUE,FALSE,,,TRUE,FALSE,20 year workmanship warranty.  Please ask for details. Depends on project completed,1979848,Oak Hills Roofing Ltd.,80,75,37,9.97333,"Roofing, Roofing Contractor, Metal Roofing, Roofing Material, Roofing Shingles, Roofing Company, cedar roofing, roofing repair, roof repair, cedar shingles, shingles, roof repair, slate roofing, slate roofs, cedar shakes, roof, how to roof, about roofing, at roofing, the roofing, roofing roofing, a roofing, roof roof roofing, shingles, roofs, shingles for roof, roof shingles, shingles roof, roofing shingles, shingles roofing, metal roof, roof metal, metal roofing, roofing metal, steel roof, steel roofing, roof repair, roof and repair, roofers, roofer, roof tiles, roof tile, tile roof, roofing contractors, roofing companies, metal roofs, roof shingle, shingle roof, contractor roofing, roofing contractor, Roofing Contractor for New Shingles, roofing canada, roofing companies, canadian roofing contractors, roof builders, roofing installers, contractor roofing, roofing calgary, roofing ottawa, roofers calgary, roofing jobs, roofing barrie, best roofing material, vancouver, roofing contractors, roof contractors, roofing supply , home roofing, roofing ontario, roof ontario, commercial roofing, residential roofers, roofing builders, shingle roof contractor, residential roofing company, roof types, best roofing company, fiberglass shingles,  canadian roofing company, flat roofing, industrail roofing, types of roofing, roofing options, list roofing companies, shinglers, roofing estimates, elk shingles,  roofing reviews, asphalt shingles prices, metal sheet roofing, roofing systems, flat roofing companies, roofing and siding, roofers review, new roofing, slate roofing contractors, roof installers, vinyl roofing material, roof sheets, commercial roof repairs,Gutters & Eavestroughs, Eavestrough Cleaning, Eavestrough Installation, Eavestrough Maintenance, gutter cleaning, gutter installation, gutter maintenance, installing gutters, installing eavestroughs, Eavestrough Repair, ,",0,2018-06-05T08:33:58.000-04:00,NA,FALSE,0,0,44,0,FALSE,1cb01700969c98c92d9b5fa947181c790db223d5,TRUE,2022-11-05T19:44:59.000-04:00,TRUE,TRUE,2170219,98.7357104846,347,NA,NA
https://homestars.com/on/cherrywood/gutters-eavestroughs,35,"c(""https://homestars.com/on/cherrywood/gutters-eavestroughs?&page=2&"", ""https://homestars.com/on/cherrywood/gutters-eavestroughs?&page=3&"", ""https://homestars.com/on/cherrywood/gutters-eavestroughs?&page=4&"")",Gutters & Eavestroughs,2885999,http://www.mintroofing.ca,/companies/2885999-mint-roofing-ltd?searched_category_id=347&service_area=2090688,"Mint Roofing Ltd. is a professional roofing contractor that serves residential and commercial property owners in Durham and York Regions.
Our firm is fully licensed, certified and insured. We carry over $ 5 million of liability coverage which provides our clients and contractors peace of mind and protection.

Our team of trained consultants have over 30 years of industry experience and have proudly served thousands of clients across the GTA including home owners, business owners, engineer firms, restoration and insurance companies.

Our business model is a simple one however we mean every word

-  Provide honest advice and exceptional service
-  Keep our promises EVERY time
-  Only install high quality products that provide our clients warranty coverage and protection
- Treat our clients and their homes with unparalleled respect
  
  Do all of these things for an affordable and fair price 
 
Mint Roofing Ltd. have the knowledge, experience and capacity to tackle any roofing, siding, eavestrough or insulation project. 
The team members are easy to work with and respect our clients busy schedules, we will make every effort to meet you at a time that is convenient for you.
We welcome the opportunity to meet with you to review your project, answer any questions or concerns that you have, and ensure that you are educated and comfortable with the products, offerings and options that we recommend for your home or business.

We hope to serve you soon, for more information please visit our website or contact us by phone today
",mint-roofing-ltd,2016-04-04T20:13:51.000-04:00,NA,NA,NA,"GAF- Timberline Natural Shadow
GAF- Timberline HD
GAF- Designer Collection 
CertainTeed- Landmark
CertainTeed- Landmark Pro
CertainTeed- Independence
CertainTeed- Hatteras
CertainTeed- Presidential TL
BP- Mystique
BP- Everest
IKO- Cambridge 
IKO- Dynasty
Ideal- Wakefield Bridge
Euroshield
Gentek 
Alu-Rex Leafguard","Roof Replacement, Roof inspections, Skylight Replacements, Eavestrough Replacement, Soffit & Fascia, Siding Replacement, Leafguard and Attic Insulation, Attic Ventilation, Metal Work","GAF, CertainTeed, BP, IKO, Gentek, Mitten, Alu-Rex, Velux, Columbia, Airvent, Cobra, Duraflo, Euroshield ","ROOFING, SOFFIT, FASCIA, EAVESTROUGH, VENTILATION, INSULATION, SKYLIGHTS 
",NA,NA,"Visa, MasterCard, AMEX, Cheque","GAF Certified Contractor, BP Certified Contractor, Euroshield Certified Installer, CertainTeed MSA",City of Toronto- Building Renovator License,CFIB,TRUE,FALSE,,$500,TRUE,FALSE,10 year Workmanship ,1948423,Mint Roofing Ltd.,78,72,53,9.875,"Roofing, Roofing Contractor, Metal Roofing, Roofing Material, Roofing Shingles, Roofing Company, cedar roofing, roofing repair, roof repair, cedar shingles, shingles, roof repair, slate roofing, slate roofs, cedar shakes, roof, how to roof, about roofing, at roofing, the roofing, roofing roofing, a roofing, roof roof roofing, shingles, roofs, shingles for roof, roof shingles, shingles roof, roofing shingles, shingles roofing, metal roof, roof metal, metal roofing, roofing metal, steel roof, steel roofing, roof repair, roof and repair, roofers, roofer, roof tiles, roof tile, tile roof, roofing contractors, roofing companies, metal roofs, roof shingle, shingle roof, contractor roofing, roofing contractor, Roofing Contractor for New Shingles, roofing canada, roofing companies, canadian roofing contractors, roof builders, roofing installers, contractor roofing, roofing calgary, roofing ottawa, roofers calgary, roofing jobs, roofing barrie, best roofing material, vancouver, roofing contractors, roof contractors, roofing supply , home roofing, roofing ontario, roof ontario, commercial roofing, residential roofers, roofing builders, shingle roof contractor, residential roofing company, roof types, best roofing company, fiberglass shingles,  canadian roofing company, flat roofing, industrail roofing, types of roofing, roofing options, list roofing companies, shinglers, roofing estimates, elk shingles,  roofing reviews, asphalt shingles prices, metal sheet roofing, roofing systems, flat roofing companies, roofing and siding, roofers review, new roofing, slate roofing contractors, roof installers, vinyl roofing material, roof sheets, commercial roof repairs,Gutters & Eavestroughs, Eavestrough Cleaning, Eavestrough Installation, Eavestrough Maintenance, gutter cleaning, gutter installation, gutter maintenance, installing gutters, installing eavestroughs, Eavestrough Repair, ,Siding, vinyl siding, wood siding, exterior siding, aluminum siding, cedar shakes, cedar shingles, composite wood siding, seamless steel siding, wood clapboard, stone siding, brick siding, exterior, side, sides, how to siding, the siding, the other side, stucco,  how to vinyl siding, about vinyl siding, what is vinyl siding, in vinyl siding, vinyl siding how to, vinyl siding, siding vinyl, how to install vinyl, cement fiber, fiber cement, siding house, house with siding, siding on a house, what is siding on a house, siding for house, siding a house, how to siding a house, siding on house, house siding, siding for a house, ,",0,NA,mintroofing,FALSE,0,0,92,0,FALSE,10729bc141fdd83367abe5fb1b9558ef227318d1,TRUE,2022-10-12T18:38:12.000-04:00,TRUE,TRUE,2090688,87.6433191083,347,NA,NA
https://homestars.com/on/cherrywood/gutters-eavestroughs,35,"c(""https://homestars.com/on/cherrywood/gutters-eavestroughs?&page=2&"", ""https://homestars.com/on/cherrywood/gutters-eavestroughs?&page=3&"", ""https://homestars.com/on/cherrywood/gutters-eavestroughs?&page=4&"")",Gutters & Eavestroughs,2804070,http://tradesbyjack.ca,/companies/2804070-trades-by-jack?searched_category_id=347&service_area=1889026,"Leafguard is available in Canada

Trades by Jack is proud to offer this fantastic product to help you. Avoid the messy work involved in dealing with your gutters and eavestroughs.

Say goodbye to the dangerous and unpleasant job of climbing up to your roof to clean out your gutters once and for all, without the expense of paying someone else to do it.

Gutters capture the rainwater from your roof and carry it safely to the ground, away from your foundation, where it can cause serious damage. Ordinary gutters capture leaves, twigs and other organic debris that causes them to clog and overflow during rainstorms.

 •LeafGuard’s patented design causes rainwater to flow around its curved hood and into the gutter, keeping leaves and debris out.
 •LeafGuard Brand Gutters are guaranteed not to clog for as long as you own your home, or Gutter Depot will clean your gutters for free.
 •LeafGuard Gutters are made to fit any home in a variety of colours. Best of all they are made out durable materials, designed to last as long as you have a roof.
 
 Call Us for Free Estimate!


Service Areas: Ajax, Aurora, Bolton, Brampton, Burlington, Etobicoke, Markham, Mississauga, Newmarket, North York, Maple, Oakville, Oshawa, Pickering, Scarborough, Thornhill, Richmond Hill, Toronto, Vaughan, Whitby, Woodbridge & Beyond!


Contact Details

Address: 5132 Timberlea Blvd.
Mississauga, Ontario, L4W 2S5
Phone: (289) 271-0636
Email: info@tradesbyjack.ca


Why Trades by Jack?

Trades by Jack can help you say goodbye, permanently, to the dangerous and distressing job of clearing out your rain gutters –without having to pay someone else to do it.",trades-by-jack,2012-12-13T13:05:45.000-05:00,NA,Oshawa in the east to Ancaster in the west North to Barrie 100 km radius of Toronto,,"LeafGuard, Eavestrough, Soffit, Fascia, Siding, Seamless Gutters, Galvanized Steel, Roofing, Eavestrack lights, Pergolas, Awnings, Gemstone Lights, Permanent Decorative Lights, Leaf Filters, Gutter Repairs, Motorized Awning, Louvered Pergola, Manual Awning, ","LeafGuard, Eavestrough, Soffit, Fascia, Siding, Seamless Gutters, Galvanized Steel, Roofing, Eavestrack lights, Pergolas, Awnings, Permanent Decorative Lights, Gutter Repairs, Eavestrough Repairs","Englert LeafGuard, GAF, Gemstone, Palmiye, Kaycan","Englert LeafGuard, Gemstone, Pergolas, Awnings, Permanent Decorative Lights, Gutter Repair, Eavestrough Repair, Siding, Soffit, Awning, Pergola, Motorized Awning, Louvered Pergola, Aluminum Pergola,",2012,35,,,,"BBB, Bild, Consumers Choice Awards",TRUE,TRUE,,,TRUE,FALSE,lifetime,1867070,Trades by Jack,141,117,28,9.16239,"Gutters & Eavestroughs, Eavestrough Cleaning, Eavestrough Installation, Eavestrough Maintenance, gutter cleaning, gutter installation, gutter maintenance, installing gutters, installing eavestroughs, Eavestrough Repair, ,",0,NA,leafguard,FALSE,0,0,23,100,FALSE,0862844ea4bcd41844044327501ca9365727420c,TRUE,2022-10-11T12:40:39.000-04:00,TRUE,TRUE,1889026,90.869737549,347,NA,NA
https://homestars.com/on/cherrywood/gutters-eavestroughs,35,"c(""https://homestars.com/on/cherrywood/gutters-eavestroughs?&page=2&"", ""https://homestars.com/on/cherrywood/gutters-eavestroughs?&page=3&"", ""https://homestars.com/on/cherrywood/gutters-eavestroughs?&page=4&"")",Gutters & Eavestroughs,2961456,https://torontoroofers43.com/,/companies/2961456-toronto-roofers?searched_category_id=347&service_area=2272226,"

Install, repair or replace shingles, shakes and other roofing tiles on sloped roofs of
buildings,
Install sheet metal flashings, Install and repair metal roofs using hand and power tools,
Install, repair or replace built-up roofing systems using materials such as asphalt
saturated felts and hot asphalt and gravel,
Apply waterproof coatings to concrete or other masonry surfaces below or above ground
Install, repair or replace single-ply roofing system using waterproof sheet materials such
as modified plastics, elastomeric or other asphaltic compositions, Instruct apprentices,

Read and interpret blueprints, maps, drawings and specifications,

Estimate costs and materials,
Erect and install scaffolding, falsework and other working platforms, Install or replace
asphalt shingles, wood shingles and shakes and masonry or baked clay roofing tiles on
sloped roofs of buildings

Business number :722019809TZ0001 ",toronto-roofers,2021-11-05T19:15:48.000-04:00,NA,NA,NA,"ROOFING REPAIR FROM 
","LEAK PREVENTING 
DAMAGED & MISSING  SHINGLES 
SKYLIGHT & CHIMNEY REPAIR 
EMERGENCY LEAK SERVICES ","LANDMARK, IKO, CTC, ",Certain Teed Construction Materials GAF Roofing Shingles and Materials Owens Corning Bakor Roofing Materials Duraflo Ventilation Systems IKO VELUX Sun Tunnel Skylights,2001,8,"Check ,Cash,Credit Card ",M S A/Q M,YES ,YES,TRUE,TRUE,,$ 150,TRUE,FALSE,yes Materials and labour always depending on manufacture and quality of materials used.,2023426,Toronto Roofers,31,30,194,10,"Roofing, Roofing Contractor, Metal Roofing, Roofing Material, Roofing Shingles, Roofing Company, cedar roofing, roofing repair, roof repair, cedar shingles, shingles, roof repair, slate roofing, slate roofs, cedar shakes, roof, how to roof, about roofing, at roofing, the roofing, roofing roofing, a roofing, roof roof roofing, shingles, roofs, shingles for roof, roof shingles, shingles roof, roofing shingles, shingles roofing, metal roof, roof metal, metal roofing, roofing metal, steel roof, steel roofing, roof repair, roof and repair, roofers, roofer, roof tiles, roof tile, tile roof, roofing contractors, roofing companies, metal roofs, roof shingle, shingle roof, contractor roofing, roofing contractor, Roofing Contractor for New Shingles, roofing canada, roofing companies, canadian roofing contractors, roof builders, roofing installers, contractor roofing, roofing calgary, roofing ottawa, roofers calgary, roofing jobs, roofing barrie, best roofing material, vancouver, roofing contractors, roof contractors, roofing supply , home roofing, roofing ontario, roof ontario, commercial roofing, residential roofers, roofing builders, shingle roof contractor, residential roofing company, roof types, best roofing company, fiberglass shingles,  canadian roofing company, flat roofing, industrail roofing, types of roofing, roofing options, list roofing companies, shinglers, roofing estimates, elk shingles,  roofing reviews, asphalt shingles prices, metal sheet roofing, roofing systems, flat roofing companies, roofing and siding, roofers review, new roofing, slate roofing contractors, roof installers, vinyl roofing material, roof sheets, commercial roof repairs,Gutters & Eavestroughs, Eavestrough Cleaning, Eavestrough Installation, Eavestrough Maintenance, gutter cleaning, gutter installation, gutter maintenance, installing gutters, installing eavestroughs, Eavestrough Repair, ,",0,2021-11-05T19:17:34.000-04:00,torontoroofers,FALSE,0,0,158,0,FALSE,501875df25645351170ae39df289f6f2251b7248,TRUE,2022-06-04T07:55:22.000-04:00,TRUE,TRUE,2272226,98.9015524604,347,NA,NA
https://homestars.com/on/cherrywood/gutters-eavestroughs,35,"c(""https://homestars.com/on/cherrywood/gutters-eavestroughs?&page=2&"", ""https://homestars.com/on/cherrywood/gutters-eavestroughs?&page=3&"", ""https://homestars.com/on/cherrywood/gutters-eavestroughs?&page=4&"")",Gutters & Eavestroughs,2945164,https://aluminiumsiding.com,/companies/2945164-alu-contracts?searched_category_id=347&service_area=2251520,"Aluminum Siding, Eavestrough, Soffits/Fascia and Panel capping.b 
Formerly known as Golden Hammer Contracting and now Alu. Contracts! has been around since 2002, and has completed, with a great success, resolved thousands of rain problems. Call us for a solution.  ",alu-contracts,2020-07-02T14:00:56.000-04:00,NA,NA,NA,Aluminum and Vinyl materials are used on majority of our jobs,"Installations of Siding, window and roof caps, gutters (a.k.a eaves trough) and different sorts of flashings. ",,,NA,NA,,,,,FALSE,FALSE,,,FALSE,FALSE,,2007301,Alu Contracts,44,42,34,10,"Siding, vinyl siding, wood siding, exterior siding, aluminum siding, cedar shakes, cedar shingles, composite wood siding, seamless steel siding, wood clapboard, stone siding, brick siding, exterior, side, sides, how to siding, the siding, the other side, stucco,  how to vinyl siding, about vinyl siding, what is vinyl siding, in vinyl siding, vinyl siding how to, vinyl siding, siding vinyl, how to install vinyl, cement fiber, fiber cement, siding house, house with siding, siding on a house, what is siding on a house, siding for house, siding a house, how to siding a house, siding on house, house siding, siding for a house, ,Gutters & Eavestroughs, Eavestrough Cleaning, Eavestrough Installation, Eavestrough Maintenance, gutter cleaning, gutter installation, gutter maintenance, installing gutters, installing eavestroughs, Eavestrough Repair, ,",0,2020-07-02T14:02:49.000-04:00,,FALSE,0,1,34,0,FALSE,b24a579b5928bf220e6876a2513d9c05996f4b36,TRUE,2022-11-17T15:41:03.000-05:00,TRUE,TRUE,2251520,98.5519073963,347,NA,NA
https://homestars.com/on/cherrywood/gutters-eavestroughs,35,"c(""https://homestars.com/on/cherrywood/gutters-eavestroughs?&page=2&"", ""https://homestars.com/on/cherrywood/gutters-eavestroughs?&page=3&"", ""https://homestars.com/on/cherrywood/gutters-eavestroughs?&page=4&"")",Gutters & Eavestroughs,2944880,https://www.weber-exteriors.com,/companies/2944880-weber-siding-exteriors?searched_category_id=347&service_area=2228187,"WEBER SIDING & EXTERIORS is a Contractor servicing Durham region and surrounding areas specializing in several types of sidings, soffits, fascia and eavestroughs, custom aluminum and more.

Service areas include: Oshawa, Ajax, Courtice, Pickering, Whitby, Bowmanville, Clarington",weber-siding-exteriors,2020-06-24T20:42:20.000-04:00,NA,NA,NA,,"Install & Repair Brick or Stone Siding, Install & Repair Metal Siding, Install & Repair vinyl Siding, Install Gutter Covers and Accessories, Install & Repair Metal Gutters, Install and repair Soffits and Fascia, Install and repair Custom Aluminum and Trim ","Mitten Building Products, Kaycan, Convoy Supply",,NA,NA,Cash - E -transfer - Cheques,,,,TRUE,FALSE,,,FALSE,FALSE,,2007017,WEBER SIDING & EXTERIORS,38,36,54,10,"Gutters & Eavestroughs, Eavestrough Cleaning, Eavestrough Installation, Eavestrough Maintenance, gutter cleaning, gutter installation, gutter maintenance, installing gutters, installing eavestroughs, Eavestrough Repair, ,Siding, vinyl siding, wood siding, exterior siding, aluminum siding, cedar shakes, cedar shingles, composite wood siding, seamless steel siding, wood clapboard, stone siding, brick siding, exterior, side, sides, how to siding, the siding, the other side, stucco,  how to vinyl siding, about vinyl siding, what is vinyl siding, in vinyl siding, vinyl siding how to, vinyl siding, siding vinyl, how to install vinyl, cement fiber, fiber cement, siding house, house with siding, siding on a house, what is siding on a house, siding for house, siding a house, how to siding a house, siding on house, house siding, siding for a house, ,",0,2020-06-24T20:44:58.000-04:00,,FALSE,0,1,56,0,FALSE,205d229d54d48ca93ec14b944c7ecae501a96d21,TRUE,2022-11-16T09:12:14.000-05:00,TRUE,TRUE,2228187,99.0387599682,347,NA,NA
https://homestars.com/on/cherrywood/gutters-eavestroughs,35,"c(""https://homestars.com/on/cherrywood/gutters-eavestroughs?&page=2&"", ""https://homestars.com/on/cherrywood/gutters-eavestroughs?&page=3&"", ""https://homestars.com/on/cherrywood/gutters-eavestroughs?&page=4&"")",Gutters & Eavestroughs,2957976,https://bnsroofing.com,/companies/2957976-bns-roofing-ltd?searched_category_id=347&service_area=2257307,''Where High Quality meets Fair Pricing'',bns-roofing-ltd,2021-07-12T13:23:22.000-04:00,NA,NA,NA,,Roofing,GAF Timberline,,NA,NA,,,,,TRUE,FALSE,,,FALSE,FALSE,,2019953,BNS Roofing Ltd,52,39,40,9.97436,"Roofing, Roofing Contractor, Metal Roofing, Roofing Material, Roofing Shingles, Roofing Company, cedar roofing, roofing repair, roof repair, cedar shingles, shingles, roof repair, slate roofing, slate roofs, cedar shakes, roof, how to roof, about roofing, at roofing, the roofing, roofing roofing, a roofing, roof roof roofing, shingles, roofs, shingles for roof, roof shingles, shingles roof, roofing shingles, shingles roofing, metal roof, roof metal, metal roofing, roofing metal, steel roof, steel roofing, roof repair, roof and repair, roofers, roofer, roof tiles, roof tile, tile roof, roofing contractors, roofing companies, metal roofs, roof shingle, shingle roof, contractor roofing, roofing contractor, Roofing Contractor for New Shingles, roofing canada, roofing companies, canadian roofing contractors, roof builders, roofing installers, contractor roofing, roofing calgary, roofing ottawa, roofers calgary, roofing jobs, roofing barrie, best roofing material, vancouver, roofing contractors, roof contractors, roofing supply , home roofing, roofing ontario, roof ontario, commercial roofing, residential roofers, roofing builders, shingle roof contractor, residential roofing company, roof types, best roofing company, fiberglass shingles,  canadian roofing company, flat roofing, industrail roofing, types of roofing, roofing options, list roofing companies, shinglers, roofing estimates, elk shingles,  roofing reviews, asphalt shingles prices, metal sheet roofing, roofing systems, flat roofing companies, roofing and siding, roofers review, new roofing, slate roofing contractors, roof installers, vinyl roofing material, roof sheets, commercial roof repairs,Siding, vinyl siding, wood siding, exterior siding, aluminum siding, cedar shakes, cedar shingles, composite wood siding, seamless steel siding, wood clapboard, stone siding, brick siding, exterior, side, sides, how to siding, the siding, the other side, stucco,  how to vinyl siding, about vinyl siding, what is vinyl siding, in vinyl siding, vinyl siding how to, vinyl siding, siding vinyl, how to install vinyl, cement fiber, fiber cement, siding house, house with siding, siding on a house, what is siding on a house, siding for house, siding a house, how to siding a house, siding on house, house siding, siding for a house, ,Gutters & Eavestroughs, Eavestrough Cleaning, Eavestrough Installation, Eavestrough Maintenance, gutter cleaning, gutter installation, gutter maintenance, installing gutters, installing eavestroughs, Eavestrough Repair, ,",0,2021-07-12T13:25:05.000-04:00,,FALSE,0,0,44,0,FALSE,e6eae22ba0573f0357a5a00a852ea74ea287ab3d,TRUE,2021-10-29T14:42:01.000-04:00,TRUE,TRUE,2257307,95.3797358896,347,NA,NA
https://homestars.com/on/cherrywood/gutters-eavestroughs,35,"c(""https://homestars.com/on/cherrywood/gutters-eavestroughs?&page=2&"", ""https://homestars.com/on/cherrywood/gutters-eavestroughs?&page=3&"", ""https://homestars.com/on/cherrywood/gutters-eavestroughs?&page=4&"")",Gutters & Eavestroughs,2969142,https://www.top1designs.com,/companies/2969142-top-one-aluminum-design-s?searched_category_id=347&service_area=2282705,,top-one-aluminum-design-s,2022-06-08T20:37:47.000-04:00,NA,NA,NA,,,,,NA,NA,,,,,TRUE,FALSE,,,FALSE,FALSE,,2031060,Top one aluminum Design s,2,2,139,10,"Roofing, Roofing Contractor, Metal Roofing, Roofing Material, Roofing Shingles, Roofing Company, cedar roofing, roofing repair, roof repair, cedar shingles, shingles, roof repair, slate roofing, slate roofs, cedar shakes, roof, how to roof, about roofing, at roofing, the roofing, roofing roofing, a roofing, roof roof roofing, shingles, roofs, shingles for roof, roof shingles, shingles roof, roofing shingles, shingles roofing, metal roof, roof metal, metal roofing, roofing metal, steel roof, steel roofing, roof repair, roof and repair, roofers, roofer, roof tiles, roof tile, tile roof, roofing contractors, roofing companies, metal roofs, roof shingle, shingle roof, contractor roofing, roofing contractor, Roofing Contractor for New Shingles, roofing canada, roofing companies, canadian roofing contractors, roof builders, roofing installers, contractor roofing, roofing calgary, roofing ottawa, roofers calgary, roofing jobs, roofing barrie, best roofing material, vancouver, roofing contractors, roof contractors, roofing supply , home roofing, roofing ontario, roof ontario, commercial roofing, residential roofers, roofing builders, shingle roof contractor, residential roofing company, roof types, best roofing company, fiberglass shingles,  canadian roofing company, flat roofing, industrail roofing, types of roofing, roofing options, list roofing companies, shinglers, roofing estimates, elk shingles,  roofing reviews, asphalt shingles prices, metal sheet roofing, roofing systems, flat roofing companies, roofing and siding, roofers review, new roofing, slate roofing contractors, roof installers, vinyl roofing material, roof sheets, commercial roof repairs,Gutters & Eavestroughs, Eavestrough Cleaning, Eavestrough Installation, Eavestrough Maintenance, gutter cleaning, gutter installation, gutter maintenance, installing gutters, installing eavestroughs, Eavestrough Repair, ,Siding, vinyl siding, wood siding, exterior siding, aluminum siding, cedar shakes, cedar shingles, composite wood siding, seamless steel siding, wood clapboard, stone siding, brick siding, exterior, side, sides, how to siding, the siding, the other side, stucco,  how to vinyl siding, about vinyl siding, what is vinyl siding, in vinyl siding, vinyl siding how to, vinyl siding, siding vinyl, how to install vinyl, cement fiber, fiber cement, siding house, house with siding, siding on a house, what is siding on a house, siding for house, siding a house, how to siding a house, siding on house, house siding, siding for a house, ,",0,2022-06-08T20:39:06.000-04:00,,FALSE,0,0,144,0,FALSE,976e4af3f940cb87aa97454d9fae4da4803b3fd5,TRUE,NA,TRUE,TRUE,2282705,90.2820255478,347,NA,NA
https://homestars.com/on/cherrywood/gutters-eavestroughs,35,"c(""https://homestars.com/on/cherrywood/gutters-eavestroughs?&page=2&"", ""https://homestars.com/on/cherrywood/gutters-eavestroughs?&page=3&"", ""https://homestars.com/on/cherrywood/gutters-eavestroughs?&page=4&"")",Gutters & Eavestroughs,2972724,https://www.ontariogutterkings.com,/companies/2972724-ontario-gutter-kings?searched_category_id=347&service_area=2291032,"Go to the experts don't rely on a roofing company to get your gutters done.

ONTARIO Gutter Kings partners with Homeowners, Builders, and Contractors to install Eavestrough/Gutters, Soffit, Fascia and Siding. We have a number of experienced crews servicing the regions of Halton, Peel, York, Durham, Toronto, Cambridge, and Guelph. We are a family-owned and operated company that takes pride in every project as you take pride in your home.",ontario-gutter-kings,2022-09-07T10:18:09.000-04:00,NA,NA,NA,,Installation of Eavestrough/Gutters - Soffit - Fascia - Siding,ALL,,2012,15,"Cash, Credit Card, Check",,,,TRUE,FALSE,,,TRUE,FALSE,10 Years/25 Years,2034635,Ontario Gutter Kings,8,5,12,10,"Gutters & Eavestroughs, Eavestrough Cleaning, Eavestrough Installation, Eavestrough Maintenance, gutter cleaning, gutter installation, gutter maintenance, installing gutters, installing eavestroughs, Eavestrough Repair, ,Siding, vinyl siding, wood siding, exterior siding, aluminum siding, cedar shakes, cedar shingles, composite wood siding, seamless steel siding, wood clapboard, stone siding, brick siding, exterior, side, sides, how to siding, the siding, the other side, stucco,  how to vinyl siding, about vinyl siding, what is vinyl siding, in vinyl siding, vinyl siding how to, vinyl siding, siding vinyl, how to install vinyl, cement fiber, fiber cement, siding house, house with siding, siding on a house, what is siding on a house, siding for house, siding a house, how to siding a house, siding on house, house siding, siding for a house, ,",0,2022-09-07T10:19:41.000-04:00,ontariogutterkings,FALSE,0,0,13,0,FALSE,ad70374e349a5f4ab2909d7691b8989d35884eb8,TRUE,NA,TRUE,TRUE,2291032,89.9870784044,347,NA,NA
https://homestars.com/on/cherrywood/gutters-eavestroughs,35,"c(""https://homestars.com/on/cherrywood/gutters-eavestroughs?&page=2&"", ""https://homestars.com/on/cherrywood/gutters-eavestroughs?&page=3&"", ""https://homestars.com/on/cherrywood/gutters-eavestroughs?&page=4&"")",Gutters & Eavestroughs,2971633,https://mastercraftmasonrysolutions.ca/,/companies/2971633-mastercraft-masonry?searched_category_id=347&service_area=2297816,"Welcome To Master Craft Masonry

Our experts work with all masonry & roofing material and installation types. 
So, whether your roof is flat or pitched; on a home or commercial property, we are your best choice.

24/7 Customer Support Services
Get in touch:
Mobile: (905) 336-8941
Whatsapp Business: (647) 533-5416",mastercraft-masonry,2022-08-11T14:30:28.000-04:00,NA,NA,NA,,Flat Roofing | Gutters | Moss Removal | Slate Roofing | Masonry | Repointing | Mortar Work |  Cracked Bricks ,,Masonry | Roofing,NA,NA,Cash | Cheques | E-Transfer,,Fully Licensed,,TRUE,FALSE,,,TRUE,FALSE,,2033544,Mastercraft Masonry,7,6,28,10,"Masonry & Bricklaying, Masonry Supply, Masonry Contractor, Stone Masonry, Brick Laying, Technique, Brick Laying Pattern, stone wall, brick wall, masonry repair, brick repairs, masonry, brick masonry, masonry bricklaying, masonry work, mason contractors, york masonry, masonry companies, brick masonry construction, brick contractors, masonry brick laying, masonry workers, bricklaying firms, parging, ,Gutters & Eavestroughs, Eavestrough Cleaning, Eavestrough Installation, Eavestrough Maintenance, gutter cleaning, gutter installation, gutter maintenance, installing gutters, installing eavestroughs, Eavestrough Repair, ,Siding, vinyl siding, wood siding, exterior siding, aluminum siding, cedar shakes, cedar shingles, composite wood siding, seamless steel siding, wood clapboard, stone siding, brick siding, exterior, side, sides, how to siding, the siding, the other side, stucco,  how to vinyl siding, about vinyl siding, what is vinyl siding, in vinyl siding, vinyl siding how to, vinyl siding, siding vinyl, how to install vinyl, cement fiber, fiber cement, siding house, house with siding, siding on a house, what is siding on a house, siding for house, siding a house, how to siding a house, siding on house, house siding, siding for a house, ,",0,2022-08-11T14:32:24.000-04:00,Mastercraft,FALSE,0,0,29,0,FALSE,d00394ff66440ef1eaa4ce623d9e6fd8b0a0fb85,TRUE,NA,TRUE,TRUE,2297816,90.1576088274,347,NA,NA
https://homestars.com/on/cherrywood/gutters-eavestroughs,35,"c(""https://homestars.com/on/cherrywood/gutters-eavestroughs?&page=2&"", ""https://homestars.com/on/cherrywood/gutters-eavestroughs?&page=3&"", ""https://homestars.com/on/cherrywood/gutters-eavestroughs?&page=4&"")",Gutters & Eavestroughs,2966707,,/companies/2966707-siding-solutions-gutters?searched_category_id=347&service_area=2276907,"Siding Solutions & Gutters  6 years of experience.
Siding Solutions and Gutters has been serving in Toronto and GTA
Experience means everything  and we have that.
Our slogan is '' Your satisfaction is my business''
Siding Solutions and Gutters has a professional team and we provide quality and warranty.


",siding-solutions-gutters,2022-04-02T17:06:21.000-04:00,NA,NA,NA,,"Eavestrough 5-6 inch
Eavestrough Leaf guards
Soffite and Fascia
Rain barrels
Heating cables
Eavestrough cleaning cleaning 

Siding Vinyl
James hardie fibre
Cement
Corrugated metal
Longboard
Versetta stone
Celect cellular
Composite siding
Maibec wood siding",,,2022,2,"e-transfer, cash, cheques2",,,,FALSE,FALSE,,400,FALSE,FALSE,3 years ,2028625,Siding Solutions & Gutters,19,17,121,10,"Gutters & Eavestroughs, Eavestrough Cleaning, Eavestrough Installation, Eavestrough Maintenance, gutter cleaning, gutter installation, gutter maintenance, installing gutters, installing eavestroughs, Eavestrough Repair, ,Siding, vinyl siding, wood siding, exterior siding, aluminum siding, cedar shakes, cedar shingles, composite wood siding, seamless steel siding, wood clapboard, stone siding, brick siding, exterior, side, sides, how to siding, the siding, the other side, stucco,  how to vinyl siding, about vinyl siding, what is vinyl siding, in vinyl siding, vinyl siding how to, vinyl siding, siding vinyl, how to install vinyl, cement fiber, fiber cement, siding house, house with siding, siding on a house, what is siding on a house, siding for house, siding a house, how to siding a house, siding on house, house siding, siding for a house, ,",0,2022-04-02T17:08:33.000-04:00,,FALSE,0,0,150,0,FALSE,fdfa7c8791cfa0dba9a543f90c848d8b3203a078,TRUE,2022-08-07T10:33:25.000-04:00,TRUE,TRUE,2276907,98.4148041851,347,NA,NA
https://homestars.com/on/cherrywood/gutters-eavestroughs,35,"c(""https://homestars.com/on/cherrywood/gutters-eavestroughs?&page=2&"", ""https://homestars.com/on/cherrywood/gutters-eavestroughs?&page=3&"", ""https://homestars.com/on/cherrywood/gutters-eavestroughs?&page=4&"")",Gutters & Eavestroughs,2946117,,/companies/2946117-bk-roofing-ltd?searched_category_id=347&service_area=2273281,"'Specialized in all kinds of roofing and metal work services since 2012.
Serve the GTA area. 10 years labour and materials warranty and free annual inspection (call in only).

Certified on BP,OC,GAF and CertainTeed.'",bk-roofing-ltd,2020-07-28T09:37:29.000-04:00,NA,NA,NA,,"Installation, replacement, repair of roof, eavestrough, siding, and ventilation",All available shingle styles and brands,professional and detailed work ,2012,8,"Cheque, Cash, E-transfer",,WSIB all insured,,TRUE,TRUE,,,TRUE,FALSE,10 years material and labor,2008254, BK Roofing Ltd.,22,20,7,10,"Gutters & Eavestroughs, Eavestrough Cleaning, Eavestrough Installation, Eavestrough Maintenance, gutter cleaning, gutter installation, gutter maintenance, installing gutters, installing eavestroughs, Eavestrough Repair, ,",0,2020-07-28T10:16:33.000-04:00,bkroofing,FALSE,0,0,9,0,FALSE,a7fdd1a43feb203438a22690868de56d2ce64341,TRUE,2022-08-09T23:36:29.000-04:00,TRUE,TRUE,2273281,98.1907595739,347,NA,NA
https://homestars.com/on/cherrywood/gutters-eavestroughs,35,"c(""https://homestars.com/on/cherrywood/gutters-eavestroughs?&page=2&"", ""https://homestars.com/on/cherrywood/gutters-eavestroughs?&page=3&"", ""https://homestars.com/on/cherrywood/gutters-eavestroughs?&page=4&"")",Gutters & Eavestroughs,2869453,http://gta-siding.ca,/companies/2869453-gta-siding-contracting?searched_category_id=347&service_area=2028616,,gta-siding-contracting,2015-04-21T20:49:27.000-04:00,NA,NA,NA,,"Soffit, Fascia and Eavesthrough Replacement/Repair, Window and Door Installation",,,NA,NA,,,,,FALSE,FALSE,,,FALSE,FALSE,,1931877,GTA Siding & Contracting,16,13,20,9.92308,"Siding, vinyl siding, wood siding, exterior siding, aluminum siding, cedar shakes, cedar shingles, composite wood siding, seamless steel siding, wood clapboard, stone siding, brick siding, exterior, side, sides, how to siding, the siding, the other side, stucco,  how to vinyl siding, about vinyl siding, what is vinyl siding, in vinyl siding, vinyl siding how to, vinyl siding, siding vinyl, how to install vinyl, cement fiber, fiber cement, siding house, house with siding, siding on a house, what is siding on a house, siding for house, siding a house, how to siding a house, siding on house, house siding, siding for a house, ,Gutters & Eavestroughs, Eavestrough Cleaning, Eavestrough Installation, Eavestrough Maintenance, gutter cleaning, gutter installation, gutter maintenance, installing gutters, installing eavestroughs, Eavestrough Repair, ,Windows & Doors Installation & Service, install Replacement Window, Screen Door, Wood door, metal door, fire door, sliding door, french door, glass paned door, sash windows, casement windows, bay windows, bow windows, energy star windows, lead-paned windows, Windows,  wondows, windowa, windwos, winows, windows canada, windows home, canadian windows and doors, window manufacturers canada, house windows canada, canada windows, vinyl windows and doors, windows and doors canada, windows and doors, house windows, vinyl windows, canadian windows, buy windows, windows price, doors canada, windows manufacturers, windows for houses, canada doors, canadian door, windows vinyl, new house windows, canadian made windows, exterior windows, residential windows, black vinyl windows, garden doors canada, windows house, window suppliers, window companies toronto, vinyl windows price, windows canada store, window stores, store windows, vinyl doors, gta windows, buy doors, new windows and doors, shop windows, replacement windows, buy home windows, cheap home windows,  phantom screens, doors ontario, doors canada, canada doors, phantom screen doors, custom sliding window, double french doors, phantom retractable screens, plywood doors, screen doors wood, exterior doors, barn doors, entrance doors, steel doors, sliding screen doors, sliding barn doors, retractable screen door, exterior french doors, saloon doors, french windows, barn style doors, wooden doors, french patio doors, loft doors, solid wood doors, types of doors, custom doors, wood front doors, window doors, invisible screen door, exterior wood doors, interior wood doors, panel doors, door screens,  shutter doors, swing doors, wood entry doors, office doors, barn windows, retractable door, patio screen door, basement doors, exterior glass, exterior glass doors, french door screens, rolling screen door, screens for french doors, wooden exterior door, custom front doors, solid wood exterior doors, unique doors, pocket doors toronto, cheap interior doors, front doors, entry doors, solid oak doors, shop windows, front screen doors, custom wood doors toronto, window installations, window installation companies, windows and doors installation, windows and door installer, door installer, window contractors, door installation toronto, home window installation, windows and doors replacement, door installer toronto, replacement window doors, door replacement toronto, door company, best windows and doors reviews, long life windows, longlife windows, custom windows toronto, replacement doors, certified windows and doors reviews, install vinyl windows, install a door, door contractors, interior door installation, door repair, windows repair, windows replacement, exterior door installation, shower door installation,  front door replacement, garden doors, caulking,",0,NA,gtasiding,FALSE,0,0,22,0,FALSE,446e7f038dfb130951919f7e2d6c3ee7aedb2a6e,TRUE,2020-10-09T19:45:18.000-04:00,TRUE,TRUE,2028616,83.5829303952,347,NA,NA
https://homestars.com/on/cherrywood/gutters-eavestroughs,35,"c(""https://homestars.com/on/cherrywood/gutters-eavestroughs?&page=2&"", ""https://homestars.com/on/cherrywood/gutters-eavestroughs?&page=3&"", ""https://homestars.com/on/cherrywood/gutters-eavestroughs?&page=4&"")",Gutters & Eavestroughs,2945282,https://sunleafroofinginc.com,/companies/2945282-sun-leaf-roofing-inc?searched_category_id=347&service_area=2229172,"'Specialized on all kind of roofing and metal work services since 2002. 
Serve on GTA area. 10 years labour and materials warranty and free annual inspection (call in only). 

Certified on BP,OC,GAF and CertainTeed.'",sun-leaf-roofing-inc,2020-07-06T20:28:37.000-04:00,NA,NA,NA,,,,,2009,NA,"Cash, Cheque and e-transfer",,"Certified on BP,OC,GAF and CertainTeed.",,TRUE,TRUE,,,TRUE,FALSE,Yes. Kindly ask for details. Depends on service completed. ,2007419,Sun Leaf Roofing Inc,29,27,62,9.81481,"Roofing, Roofing Contractor, Metal Roofing, Roofing Material, Roofing Shingles, Roofing Company, cedar roofing, roofing repair, roof repair, cedar shingles, shingles, roof repair, slate roofing, slate roofs, cedar shakes, roof, how to roof, about roofing, at roofing, the roofing, roofing roofing, a roofing, roof roof roofing, shingles, roofs, shingles for roof, roof shingles, shingles roof, roofing shingles, shingles roofing, metal roof, roof metal, metal roofing, roofing metal, steel roof, steel roofing, roof repair, roof and repair, roofers, roofer, roof tiles, roof tile, tile roof, roofing contractors, roofing companies, metal roofs, roof shingle, shingle roof, contractor roofing, roofing contractor, Roofing Contractor for New Shingles, roofing canada, roofing companies, canadian roofing contractors, roof builders, roofing installers, contractor roofing, roofing calgary, roofing ottawa, roofers calgary, roofing jobs, roofing barrie, best roofing material, vancouver, roofing contractors, roof contractors, roofing supply , home roofing, roofing ontario, roof ontario, commercial roofing, residential roofers, roofing builders, shingle roof contractor, residential roofing company, roof types, best roofing company, fiberglass shingles,  canadian roofing company, flat roofing, industrail roofing, types of roofing, roofing options, list roofing companies, shinglers, roofing estimates, elk shingles,  roofing reviews, asphalt shingles prices, metal sheet roofing, roofing systems, flat roofing companies, roofing and siding, roofers review, new roofing, slate roofing contractors, roof installers, vinyl roofing material, roof sheets, commercial roof repairs,Gutters & Eavestroughs, Eavestrough Cleaning, Eavestrough Installation, Eavestrough Maintenance, gutter cleaning, gutter installation, gutter maintenance, installing gutters, installing eavestroughs, Eavestrough Repair, ,",0,2020-07-06T20:29:16.000-04:00,sunleaf,FALSE,0,0,69,0,FALSE,c86e2472e85384e8ae6ef2c1e318317fd612473c,TRUE,2022-05-01T19:55:45.000-04:00,TRUE,TRUE,2229172,93.0305992444,347,NA,NA
https://homestars.com/on/cherrywood/gutters-eavestroughs,35,"c(""https://homestars.com/on/cherrywood/gutters-eavestroughs?&page=2&"", ""https://homestars.com/on/cherrywood/gutters-eavestroughs?&page=3&"", ""https://homestars.com/on/cherrywood/gutters-eavestroughs?&page=4&"")",Gutters & Eavestroughs,2897611,,/companies/2897611-top-plus-roofing?searched_category_id=347&service_area=2209875,"Top Plus Roofing Inc
Great value, Quality work
We offer a 100% satisfaction guarantee.
We offer full-service roof warranties and use high-quality materials from industry-leading roof suppliers.
We comply with WSIB, and are insured, bonded and licensed roofers
We are experienced local roofers
Services:
Roof replacement and repair
Flat roof installation.
Eaves trough
Fascia, soffit, downspout
Skylight
10 years Warranty
Big and small
Service call starting $99
Call for free estimate ---- Jeff :6472131121
Service area :
(Toronto, Mississauga, Durham, markham, scarborough, Richmond Hill Regions)",top-plus-roofing,2017-05-29T18:42:43.000-04:00,NA,NA,NA,,,,,5,5,,,full licenses and insured,,TRUE,TRUE,,,TRUE,FALSE,10,1960035,Top Plus Roofing,13,11,52,9.63636,"Gutters & Eavestroughs, Eavestrough Cleaning, Eavestrough Installation, Eavestrough Maintenance, gutter cleaning, gutter installation, gutter maintenance, installing gutters, installing eavestroughs, Eavestrough Repair, ,",0,2017-05-29T18:42:54.000-04:00,topplusroofing,FALSE,0,0,69,0,FALSE,8d428086539ddbf1eee071824a607e41f3ad56ff,TRUE,NA,TRUE,TRUE,2209875,76.3386283131,347,NA,NA
https://homestars.com/on/cherrywood/gutters-eavestroughs,35,"c(""https://homestars.com/on/cherrywood/gutters-eavestroughs?&page=2&"", ""https://homestars.com/on/cherrywood/gutters-eavestroughs?&page=3&"", ""https://homestars.com/on/cherrywood/gutters-eavestroughs?&page=4&"")",Gutters & Eavestroughs,2935807,,/companies/2935807-pg-aluminum-and-siding?searched_category_id=347&service_area=2207942,,pg-aluminum-and-siding,2019-10-09T17:57:20.000-04:00,NA,NA,NA,,,,,NA,NA,,,,,TRUE,FALSE,,,FALSE,FALSE,,1997981,PG Aluminum and Siding,16,13,137,8.92308,"Siding, vinyl siding, wood siding, exterior siding, aluminum siding, cedar shakes, cedar shingles, composite wood siding, seamless steel siding, wood clapboard, stone siding, brick siding, exterior, side, sides, how to siding, the siding, the other side, stucco,  how to vinyl siding, about vinyl siding, what is vinyl siding, in vinyl siding, vinyl siding how to, vinyl siding, siding vinyl, how to install vinyl, cement fiber, fiber cement, siding house, house with siding, siding on a house, what is siding on a house, siding for house, siding a house, how to siding a house, siding on house, house siding, siding for a house, ,Gutters & Eavestroughs, Eavestrough Cleaning, Eavestrough Installation, Eavestrough Maintenance, gutter cleaning, gutter installation, gutter maintenance, installing gutters, installing eavestroughs, Eavestrough Repair, ,",0,2019-10-09T17:57:53.000-04:00,NA,FALSE,0,0,142,0,FALSE,c87adeff76d02fdf8b6da0fd8c88b40b708fb51a,TRUE,NA,TRUE,TRUE,2207942,75.7205894159,347,NA,NA
https://homestars.com/on/cherrywood/gutters-eavestroughs,35,"c(""https://homestars.com/on/cherrywood/gutters-eavestroughs?&page=2&"", ""https://homestars.com/on/cherrywood/gutters-eavestroughs?&page=3&"", ""https://homestars.com/on/cherrywood/gutters-eavestroughs?&page=4&"")",Gutters & Eavestroughs,2966340,,/companies/2966340-simon-says-construction?searched_category_id=347&service_area=2276083,,simon-says-construction,2022-03-24T14:10:07.000-04:00,NA,NA,NA,,,,,NA,NA,,,,,FALSE,FALSE,,,FALSE,FALSE,,2028258,Simon Says Construction,1,1,8,10,"Decks, Deck, Wood Deck, Deck Patio Furniture, Patio Heater, Patio Deck, Patio Door, Patio Cover, Patio Umbrella, Patio Furniture Set, Patio Furniture Cushion, the deck, on deck, deck tech, patios, construction plans, how to build a deck, build decks, build a deck, deck plans, design deck, design a deck, deck design, deck building, building a deck, building deck, deck designs, how to make a deck, patio cover, wood deck, deck wood, deck board, patio designs, deck designs plans, deck plans designs, deck builder, deck stain, deck builders, ,Fences & Gates, Dog Fence, Invisible Fence, Chain Link Fence, Pool Fence, Wood Fence, Fence Gates, Dog Gates, Pet Gates, friendly neighbour fence, friendly neighbor fence, picket fence, wrought iron fence, and gate, and gates, gates, the fence, a fence, fence, fences, fence with gate, gate and fence, gate for fence, fence & gate, gate fence, fence gate, fence and gate, gates and fence, gates fence, fence & gates, fence and gates, fence gates, railings, wrought iron, electronic gates, entrance gate, trellis, fence post, front gates, chain fence, fence panels, fence chain link, chain link fence, how to wood fence, fence wood, wood for fence, wood fence, fence panel, garden gate, fence posts, fencing panels, iron gate, chain link fencing, panel fencing, gates iron, iron gates, chain link fences, fences chain link, fencing post, dog fencing, ,Gutters & Eavestroughs, Eavestrough Cleaning, Eavestrough Installation, Eavestrough Maintenance, gutter cleaning, gutter installation, gutter maintenance, installing gutters, installing eavestroughs, Eavestrough Repair, ,Siding, vinyl siding, wood siding, exterior siding, aluminum siding, cedar shakes, cedar shingles, composite wood siding, seamless steel siding, wood clapboard, stone siding, brick siding, exterior, side, sides, how to siding, the siding, the other side, stucco,  how to vinyl siding, about vinyl siding, what is vinyl siding, in vinyl siding, vinyl siding how to, vinyl siding, siding vinyl, how to install vinyl, cement fiber, fiber cement, siding house, house with siding, siding on a house, what is siding on a house, siding for house, siding a house, how to siding a house, siding on house, house siding, siding for a house, ,",0,2022-03-24T14:13:01.000-04:00,,FALSE,0,0,9,0,FALSE,9988e1fb6d562c874532c11d2b555e3e21b3c286,TRUE,2022-04-22T16:20:47.000-04:00,TRUE,TRUE,2276083,82.7227102924,347,NA,NA
https://homestars.com/on/cherrywood/gutters-eavestroughs,35,"c(""https://homestars.com/on/cherrywood/gutters-eavestroughs?&page=2&"", ""https://homestars.com/on/cherrywood/gutters-eavestroughs?&page=3&"", ""https://homestars.com/on/cherrywood/gutters-eavestroughs?&page=4&"")",Gutters & Eavestroughs,2976017,NA,/companies/2976017-advanced-window-cleaning?searched_category_id=347&service_area=2298968,NA,advanced-window-cleaning,2022-11-16T17:48:23.000-05:00,NA,NA,NA,NA,NA,NA,NA,NA,NA,NA,NA,NA,NA,FALSE,FALSE,NA,NA,FALSE,FALSE,NA,2037915,Advanced Window Cleaning +,0,0,0,NA,"Landscape Lighting, Outdoor lights, solar light, outdoor lighting for, lighting outdoor, outdoor lighting, outdoor lights, lights for outdoor, the outdoor lights, solar lights, outdoor light, solar lighting, led lighting, outdoor lamps, how to landscape lighting, landscape lighting how to, lighting landscape, landscape and lighting, outdoor lighting lamps, exterior lighting, lights landscape, landscape lights, solar lamps, outside lights, exterior lights, lighting stores, outside lighting, garden lights, outdoor lighting, landscape lamps, lighting garden, landscape lighting outdoor, outdoor landscape lighting, ,Gutters & Eavestroughs, Eavestrough Cleaning, Eavestrough Installation, Eavestrough Maintenance, gutter cleaning, gutter installation, gutter maintenance, installing gutters, installing eavestroughs, Eavestrough Repair, ,Windows & Doors Installation & Service, install Replacement Window, Screen Door, Wood door, metal door, fire door, sliding door, french door, glass paned door, sash windows, casement windows, bay windows, bow windows, energy star windows, lead-paned windows, Windows,  wondows, windowa, windwos, winows, windows canada, windows home, canadian windows and doors, window manufacturers canada, house windows canada, canada windows, vinyl windows and doors, windows and doors canada, windows and doors, house windows, vinyl windows, canadian windows, buy windows, windows price, doors canada, windows manufacturers, windows for houses, canada doors, canadian door, windows vinyl, new house windows, canadian made windows, exterior windows, residential windows, black vinyl windows, garden doors canada, windows house, window suppliers, window companies toronto, vinyl windows price, windows canada store, window stores, store windows, vinyl doors, gta windows, buy doors, new windows and doors, shop windows, replacement windows, buy home windows, cheap home windows,  phantom screens, doors ontario, doors canada, canada doors, phantom screen doors, custom sliding window, double french doors, phantom retractable screens, plywood doors, screen doors wood, exterior doors, barn doors, entrance doors, steel doors, sliding screen doors, sliding barn doors, retractable screen door, exterior french doors, saloon doors, french windows, barn style doors, wooden doors, french patio doors, loft doors, solid wood doors, types of doors, custom doors, wood front doors, window doors, invisible screen door, exterior wood doors, interior wood doors, panel doors, door screens,  shutter doors, swing doors, wood entry doors, office doors, barn windows, retractable door, patio screen door, basement doors, exterior glass, exterior glass doors, french door screens, rolling screen door, screens for french doors, wooden exterior door, custom front doors, solid wood exterior doors, unique doors, pocket doors toronto, cheap interior doors, front doors, entry doors, solid oak doors, shop windows, front screen doors, custom wood doors toronto, window installations, window installation companies, windows and doors installation, windows and door installer, door installer, window contractors, door installation toronto, home window installation, windows and doors replacement, door installer toronto, replacement window doors, door replacement toronto, door company, best windows and doors reviews, long life windows, longlife windows, custom windows toronto, replacement doors, certified windows and doors reviews, install vinyl windows, install a door, door contractors, interior door installation, door repair, windows repair, windows replacement, exterior door installation, shower door installation,  front door replacement, garden doors, caulking,",0,2022-11-16T17:48:51.000-05:00,NA,FALSE,0,0,0,0,FALSE,fc9b848c1d4b1bdb7b82c94f91af6b4725849b9b,FALSE,NA,FALSE,TRUE,2298968,-1.0,347,NA,NA
https://homestars.com/on/cherrywood/gutters-eavestroughs,35,"c(""https://homestars.com/on/cherrywood/gutters-eavestroughs?&page=2&"", ""https://homestars.com/on/cherrywood/gutters-eavestroughs?&page=3&"", ""https://homestars.com/on/cherrywood/gutters-eavestroughs?&page=4&"")",Gutters & Eavestroughs,2971045,,/companies/2971045-golden-house-roofing?searched_category_id=347&service_area=2287033,"10 Year Labor Warranty
5 million commercial insurance protection, several years of experience employees WSIB labor insurance, free quotes, 10 years of manual maintenance.

Rooftop Renovation
Our new business is now launching a ‘Rooftop Renovation’ package. We understand that this industry is full of high-priced services. The total price of our service is 25% lower than our competitor’s prices. The company has a professional roof business license.

Overall Roof Renovation Package
Big special $62 a pack of tile roof slope 7-8 degrees
Special offer $68 A pack of tile roof slope 9-10 degrees
* Send full roof exhaust plastic accessories, upgrade aluminum accessories wholesale prices free installation.


Our roof refurbishment process

The customer selects ‘Shingle’ which refers to the “Asphalt shingle”. Most of our roofs are used in this process. Previously mainly used a triple old fashioned tile. What is the latest process using an Architectural for 30 years? First of all, to remove the previous tile on the roof, you discovered that Shingle is just the “skin” of the roof, and there is a layer of Underlayment below it. “paper”. It is mainly used for waterproofing. Like Shingle, the paper and Shingle are already firmly glued together. In addition, there are chimneys and vents on the roof. There are waterproof boards under them. The name Flashing is linked to Paper and Shingle. Therefore, it is also necessary to “eradicate” together. After shovelling it off, the bone on the roof is left. It is a deck. The wooden boards on the roof are also divided into solid wood and plywood. If any rotten boards are found and there are holes in the boards, they must be replaced or replaced first. Then go in the opposite direction and begin to spread new paper on the board. In order not to let the rain drop down the eaves, we will install a drip rim “Drip Eidge” along the eaves. Then start Shingle from the bottom of the eaves. From bottom to top, from the right to the left, a piece of cloth, this is a repetitive work, meet the vents, to replace the flashing. Finally, the completion of the Ridge cap was nearly completed. Also note that in addition to paving tiles neatly, the main job is nailing, which is to hit the nails. The nails are good enough to play T deep and play tight. The most prone to problems are the protruding roofs, double inspections of the exhausts and chimneys, the cleaning of roof tile sinks after the replacement of roof parts, and the ground cleaning. Completing the photo shoot of the roof after the completion of the old and new contrast and key waterproof pictures send text messages to the owners to stay at the end of ten years of maintenance.

What refurbishment roof package?

It is a kind of roof roof total cost calculated by calculating the total roof area X using the number of roof tiles. You can measure your own roof quotation by yourself. At a clear price, you will not need to pay any fees for one-stop service. Can be added or subtracted according to customer’s request

What is not included in the roof renewal package?

Personalized design: Flat top, skylight, sink, aluminum sheet replacement and maintenance

Hidden Project:

A: The slope begins to exceed 10 degrees

B: The more layers of solid wood old tiles, the more expensive

C: No charge for parking in construction environment

D: Location starts at Swire Fort Swire in more than 40 minutes and starts your E: Oversized orders

What are the advantages compared to ‘traditional roof renovation’?

The owners and practitioners who have experienced renovation of the roof know that the roof is a very complicated, high-risk system project. During the construction process, some consumers can avoid non-direct revenue costs.
",golden-house-roofing,2022-07-26T16:16:24.000-04:00,NA,NA,NA,,Seamless eavestrough | Leaves Guard/Mesh | Aluminum Siding | Vinyl Siding | Soffit | Fascia | Freeze Board | Shingles Roof | Flat Roof,,,NA,NA,,,"Working on heights, WSIB, Insurance ",,TRUE,FALSE,,,TRUE,FALSE,10 Years Warranty,2032956,Golden House Roofing,0,0,1,NA,"Roofing, Roofing Contractor, Metal Roofing, Roofing Material, Roofing Shingles, Roofing Company, cedar roofing, roofing repair, roof repair, cedar shingles, shingles, roof repair, slate roofing, slate roofs, cedar shakes, roof, how to roof, about roofing, at roofing, the roofing, roofing roofing, a roofing, roof roof roofing, shingles, roofs, shingles for roof, roof shingles, shingles roof, roofing shingles, shingles roofing, metal roof, roof metal, metal roofing, roofing metal, steel roof, steel roofing, roof repair, roof and repair, roofers, roofer, roof tiles, roof tile, tile roof, roofing contractors, roofing companies, metal roofs, roof shingle, shingle roof, contractor roofing, roofing contractor, Roofing Contractor for New Shingles, roofing canada, roofing companies, canadian roofing contractors, roof builders, roofing installers, contractor roofing, roofing calgary, roofing ottawa, roofers calgary, roofing jobs, roofing barrie, best roofing material, vancouver, roofing contractors, roof contractors, roofing supply , home roofing, roofing ontario, roof ontario, commercial roofing, residential roofers, roofing builders, shingle roof contractor, residential roofing company, roof types, best roofing company, fiberglass shingles,  canadian roofing company, flat roofing, industrail roofing, types of roofing, roofing options, list roofing companies, shinglers, roofing estimates, elk shingles,  roofing reviews, asphalt shingles prices, metal sheet roofing, roofing systems, flat roofing companies, roofing and siding, roofers review, new roofing, slate roofing contractors, roof installers, vinyl roofing material, roof sheets, commercial roof repairs,Gutters & Eavestroughs, Eavestrough Cleaning, Eavestrough Installation, Eavestrough Maintenance, gutter cleaning, gutter installation, gutter maintenance, installing gutters, installing eavestroughs, Eavestrough Repair, ,Siding, vinyl siding, wood siding, exterior siding, aluminum siding, cedar shakes, cedar shingles, composite wood siding, seamless steel siding, wood clapboard, stone siding, brick siding, exterior, side, sides, how to siding, the siding, the other side, stucco,  how to vinyl siding, about vinyl siding, what is vinyl siding, in vinyl siding, vinyl siding how to, vinyl siding, siding vinyl, how to install vinyl, cement fiber, fiber cement, siding house, house with siding, siding on a house, what is siding on a house, siding for house, siding a house, how to siding a house, siding on house, house siding, siding for a house, ,",0,2022-07-26T16:17:30.000-04:00,,FALSE,0,0,2,0,FALSE,e8884600276189956043ffe3c7184b4406947946,FALSE,NA,TRUE,TRUE,2287033,80.0,347,NA,NA
https://homestars.com/on/cherrywood/gutters-eavestroughs,35,"c(""https://homestars.com/on/cherrywood/gutters-eavestroughs?&page=2&"", ""https://homestars.com/on/cherrywood/gutters-eavestroughs?&page=3&"", ""https://homestars.com/on/cherrywood/gutters-eavestroughs?&page=4&"")",Gutters & Eavestroughs,2609144,NA,/companies/2609144-copperworks?searched_category_id=347&service_area=1622348,,copperworks,2008-03-04T16:55:15.000-05:00,NA,NA,NA,NA,NA,NA,NA,NA,NA,NA,NA,NA,NA,FALSE,FALSE,NA,NA,FALSE,FALSE,NA,1672196,Copperworks,11,7,0,8.71429,"Gutters & Eavestroughs, Eavestrough Cleaning, Eavestrough Installation, Eavestrough Maintenance, gutter cleaning, gutter installation, gutter maintenance, installing gutters, installing eavestroughs, Eavestrough Repair, ,",0,2015-05-19T12:02:41.000-04:00,NA,FALSE,0,0,0,NA,FALSE,6f5103147f0824d06f93e8b914cd402d5fe93f41,FALSE,2016-01-25T18:49:43.000-05:00,TRUE,FALSE,1622348,45.6074364103,347,NA,NA
https://homestars.com/on/cherrywood/gutters-eavestroughs,35,"c(""https://homestars.com/on/cherrywood/gutters-eavestroughs?&page=2&"", ""https://homestars.com/on/cherrywood/gutters-eavestroughs?&page=3&"", ""https://homestars.com/on/cherrywood/gutters-eavestroughs?&page=4&"")",Gutters & Eavestroughs,2655131,NA,/companies/2655131-boncor-building-products-co?searched_category_id=347&service_area=1668335,NA,boncor-building-products-co,2008-03-04T16:55:15.000-05:00,NA,NA,NA,NA,NA,NA,NA,NA,NA,NA,NA,NA,NA,FALSE,FALSE,NA,NA,FALSE,FALSE,NA,1718183,Boncor Building Products CO,0,0,0,NA,"Gutters & Eavestroughs, Eavestrough Cleaning, Eavestrough Installation, Eavestrough Maintenance, gutter cleaning, gutter installation, gutter maintenance, installing gutters, installing eavestroughs, Eavestrough Repair, ,",0,NA,NA,FALSE,0,0,0,NA,FALSE,NA,FALSE,NA,FALSE,FALSE,1668335,0,347,NA,NA
https://homestars.com/on/cherrywood/gutters-eavestroughs,35,"c(""https://homestars.com/on/cherrywood/gutters-eavestroughs?&page=2&"", ""https://homestars.com/on/cherrywood/gutters-eavestroughs?&page=3&"", ""https://homestars.com/on/cherrywood/gutters-eavestroughs?&page=4&"")",Gutters & Eavestroughs,2569659,NA,/companies/2569659-eavestrough-specialties-inc?searched_category_id=347&service_area=1582863,NA,eavestrough-specialties-inc,2008-03-04T16:55:15.000-05:00,NA,NA,NA,NA,NA,NA,NA,NA,NA,NA,NA,NA,NA,FALSE,FALSE,NA,NA,FALSE,FALSE,NA,1632711,Eavestrough Specialties Inc,0,0,0,NA,"Gutters & Eavestroughs, Eavestrough Cleaning, Eavestrough Installation, Eavestrough Maintenance, gutter cleaning, gutter installation, gutter maintenance, installing gutters, installing eavestroughs, Eavestrough Repair, ,",0,NA,NA,FALSE,0,0,0,NA,FALSE,NA,FALSE,NA,FALSE,FALSE,1582863,0,347,NA,NA
