Link,n_hits,all_links,category,id,url,hs_path,profile,permalink,created_at,sic_code,service_area,hours,products,services,brands,specialities,established,employee_cnt,payment_method,diplomas,licenses,memberships,liability_insurance,bonded,project_rate,project_minimum,written_contract,written_warranty,warranty_terms,parent_company_id,name,total_number_of_reviews_cache,total_number_of_approved_reviews_cache,number_of_photos_cache,avg_rating_cache,categories_info_cache,savings_count,claimed_at,subdomain,fraudulent,fraudulent_count,total_number_of_pending_reviews_cache,images_count,completion_percent_cache,bully,secret,replied_to_at_least_one_review_cache,latest_approved_review_created_at,has_set_tasks,lead_purchase_eligible,service_area_id,star_score,quote_button_category,direct_phone,direct_contact
https://homestars.com/on/burlington/shutters-blinds,42,"c(""https://homestars.com/on/burlington/shutters-blinds?&page=2&"", ""https://homestars.com/on/burlington/shutters-blinds?&page=3&"", ""https://homestars.com/on/burlington/shutters-blinds?&page=4&"", ""https://homestars.com/on/burlington/shutters-blinds?&page=5&"")",Shutters & Blinds,2861345,http://www.WindowBlindsDirect.ca,/companies/2861345-windows-blinds-direct?searched_category_id=431&service_area=2153782,"Window Blinds Direct specializes in providing quality, attractive and affordable window treatments that protect and beautify homes. We have been supplying such products to satisfied customers for years, that turn to us for their window dressing needs. Besides offering well-made and fashionable window treatment products at good prices, we also make extra efforts in meeting various window dressing selection needs of our customers....


*****",windows-blinds-direct,2014-10-28T17:52:58.000-04:00,NA,Greater Toronto Area,,"Shutters
- Wood Shutters
- Vinyl Shutters
Shades
- Sheer Shades
- Roller Shades
- Cellular Shades
- Roman Shades
Blinds
Draperies","Window Treatment Installation - 
Interior Designs",,,4,NA,"Visa, Master Card, Cash, Cheque",,,,TRUE,TRUE,,,TRUE,FALSE,,1923775,Window Blinds Direct,561,512,92,9.95703,"Shutters & Blinds, Window Shutter, Hurricane Shutter, Exterior Shutter, Window Blinds, Venetian Blinds, California shutters, plantation shutters, wood shutters, metal shutters,  roller blinds, roman blinds, custom blinds, sunscreens, vertical blinds, blind, curtains, shutter, for blinds, about blinds, blinds blinds blinds, blinds, blinds blinds, blinds to, and blinds, shades, shutters, the shutters, curtains and drapes, drapes and curtains, blinds and shade, blinds shade, window treatments and, window treatments, what are window treatments, shades and blinds, blinds & shades, shades blinds, shades and blinds, shades or blinds, blinds or shades, blinds and shades, window treatment, window coverings, window blinds, window blinds for, windows and blinds, window with blinds, blinds in window, blinds and window, blinds for window, ,Shades,",0,2014-11-04T12:21:58.000-05:00,shuttersblinds,FALSE,0,0,37,0,FALSE,f2abc0c1673ddc0d99e8c6a33bc33af95087656e,TRUE,2022-11-18T19:30:45.000-05:00,TRUE,TRUE,2153782,99.4199962918,431,NA,NA
https://homestars.com/on/burlington/shutters-blinds,42,"c(""https://homestars.com/on/burlington/shutters-blinds?&page=2&"", ""https://homestars.com/on/burlington/shutters-blinds?&page=3&"", ""https://homestars.com/on/burlington/shutters-blinds?&page=4&"", ""https://homestars.com/on/burlington/shutters-blinds?&page=5&"")",Shutters & Blinds,212979,http://www.kingswaycarpetsandblinds.com,/companies/212979-kingsway-carpets-blinds?searched_category_id=431&service_area=2154867,"Kingsway Carpet & Blinds has the following floor products:

- carpet
- laminate
- custom area rugs
- hardwood flooring
- cork flooring
- laminate flooring

And the following Window Coverings:

- Alustra Collection
- vertical blinds
- alternative wood blinds
- aluminum blinds
- honeycomb shades
- pleated shades
- Vignette shades
- Luminette Shadings
- Skylights
- Roller shades
- Wovenwood shades
- Pirouette shades
- Roman shades

 


&quot;Their commitment to both product excellence and customer satisfaction makes them the ideal candidate for our Gallery Program, which is dedicated to the best independent window covering professionals in the business. &quot; said Sue Rainville, Director of Marketing, Hunter Douglas Canada LP. Visit Kingsway Carpets &amp; Blinds and experience the …",kingsway-carpets-blinds,2008-02-18T12:28:13.000-05:00,NA,"Brampton, Concord, Etobicoke, Markham, Mississauga, Newmarket, North York, Oakville, Richmond Hill, Scarborough, Thornhill, Toronto, Unionville, Vaughan, Woodbridge","Mon-Fri 9-5, Sat 9-3","Blinds, Shutters, specialty window covering, motorization and automation.  Carpets and rugs, wall to wall, specialty wool, patterns and designs, custom made area rugs, hardwood, laminate, vinyl and cork flooring.","Showroom, one of the biggest in Canada, and in home consultations sales & installations.","Hunter Douglas. Shaw Flooring, Stanton, Karastan, Godfrey Hirst, Masland, Fabrica, Milliken, Natures Carpet, Eclipse Shutters, Elite, and Maxxmar. ","Certified Hunter Douglas Product / Installation, Hunter Douglas Gallery Dealer First in Toronto, Certified Eclipse Shutters Product / Installation, member of the Floorcovering Institute of Ontario. ",1997,5,"Cash, Interac, Cheque, Visa, MasterCard, American Express, Financing OAC",,,"BILD - Home Builders' Association, RenoMark",TRUE,FALSE,,,TRUE,TRUE,"Yes, Limited Lifetime on most products.",66665,Kingsway Carpets & Blinds,657,591,411,9.82445,"Floor Retailers, Flooring, Hardwood Floors, Wood Floors, Floor & Tile Stores, laminate, and tile, carpet and, flooring flooring, the flooring, a flooring, floors floors floors, the floors, floors on floors, a floors, floor flooring, flooring floor, flooring and tiles, floor and wood, wood flooring, wood and flooring, wood floors, hardwood flooring, hardwood floors, flooring and tile, tile and flooring, tile flooring, tiles floors, floors and tiles, tile and floor, floor and tile, linoleum, laminate flooring, flooring and laminate, laminate flooring, laminate floor, wooden floors, wooden flooring, laminate floors, laminated flooring, vinyl flooring, tiles and floors, tile floors, carpet and tile, floor covering, carpets and tiles, slate, ceramic, concrete, herringbone,Carpet & Rug Retailers, Carpet Stores, Oriental Rugs, Wool Rugs, Runners, persian rugs, persian carpets, oriental carpets, area rugs, broadloom, wool carpets, carpet, carpets, carpet shops, carpet and floor, floor carpet, floor and carpet, best carpet, carpet and home, home carpet, new carpet, carpet for sale, carpet sale,carpet buy, new carpets, rug stores, new rug, wool carpet, carpet installation, cheap rugs, ,Carpet Installers, Installing carpets, rug installation, carpet installation, broadloom installers, broadloom installation, Broadloom Stretching, Broadloom restretching, Broadloom re-stretching, wall to wall rug installation, wall to wall carpet installation, carpet installers, rug installers repair, install tile ,backsplash , fire place veener, wall stone veener bath room mosaic, ,Drapery & Curtains, Drapery, Custom Drapery, Blinds, Curtain Rods, Drapery Hardware, Curtain stores, Drapes, custom window coverings, drapery fabric, soft furnishings, roman blinds, custom blinds,  custom curtains, the curtain, curtain, curtains, drapery, drapes, drapery curtain, curtain drapery, drapery and curtain, curtain and drapery, drapery curtains, curtains and drapery, curtains drapery, drapery and curtains, valence, drapes and curtains, curtains drapes, curtains & drapes, curtains and drapes, drapes curtains, drapes & curtains, draperies, curtain and drapes, ,Shutters & Blinds, Window Shutter, Hurricane Shutter, Exterior Shutter, Window Blinds, Venetian Blinds, California shutters, plantation shutters, wood shutters, metal shutters,  roller blinds, roman blinds, custom blinds, sunscreens, vertical blinds, blind, curtains, shutter, for blinds, about blinds, blinds blinds blinds, blinds, blinds blinds, blinds to, and blinds, shades, shutters, the shutters, curtains and drapes, drapes and curtains, blinds and shade, blinds shade, window treatments and, window treatments, what are window treatments, shades and blinds, blinds & shades, shades blinds, shades and blinds, shades or blinds, blinds or shades, blinds and shades, window treatment, window coverings, window blinds, window blinds for, windows and blinds, window with blinds, blinds in window, blinds and window, blinds for window, ,Shades,",3,2008-02-18T12:28:13.000-05:00,kingswaycarpets,FALSE,0,0,612,100,FALSE,2829bb681a1bf38a7889a4e1f193d4380dcc0282,TRUE,2021-12-21T12:50:22.000-05:00,TRUE,TRUE,2154867,97.9636851286,431,NA,NA
https://homestars.com/on/burlington/shutters-blinds,42,"c(""https://homestars.com/on/burlington/shutters-blinds?&page=2&"", ""https://homestars.com/on/burlington/shutters-blinds?&page=3&"", ""https://homestars.com/on/burlington/shutters-blinds?&page=4&"", ""https://homestars.com/on/burlington/shutters-blinds?&page=5&"")",Shutters & Blinds,2809166,http://www.crazyjoes.com,/companies/2809166-crazy-joe-s-drapery-blinds?searched_category_id=431&service_area=2189875,"MENTION HOMESTARS AND GET UP TO 70% OFF FOR CUSTOM ORDERS ONLY AND FREE INSTALLATION!! SHOP NOW BEFORE THE CHRISTMAS RUSH!

Drapery • Curtains • Blinds
 
There is only ONE Joe and that is THE ORIGINAL Crazy's Joe's which is  located in Mississauga.  With over 48 years of experience!  If you call any other they are not the original as we have no connection to them.
 
Discerning clients looking for custom window treatments or the finest in ready made selections shop at Crazy Joe’s. Everything is hand crafted in Toronto and all of your drapery Toronto needs are met right here. Ask around and you’ll find the shopper that knows how to match quality and price in Toronto, Newmarket or Mississauga puts Crazy Joe’s at the top of the list when they need outstanding window coverings. 
 
Outstanding Quality and Value in Toronto Custom Drapery and Blinds  
 
We offer everything from:
 
Custom Drapery
Drapery Panels
Sheers,
Window Treatments
Blinds
Vertical Blinds
Roller Blinds
Roman Shutter Shade
Custom Shower Curtains
Drapery Hardware
And more..........",crazy-joe-s-drapery-blinds,2013-04-26T13:33:54.000-04:00,NA,"Toronto, North York,  Etobicoke, Mississauga, Oakville, Brampton, Woodbridge, Thornhill, Richmond Hill, Aurora, Newmarket,  Ajax, Aurora, Burlington, Markham, Milton, Oshawa, Pickering, Scarborough, Vaughan",,"Window Treatments, Custom Drapery,  Drapery Panels, Custom Shower Curtains, Sheers, Blinds, Roller Blinds, Vertical Blinds, Roman Shutter Shade, Drapery Hardware

READY MADE BLINDS- There are many different kinds of window blinds, using different systems and materials.

Custom Made Blinds • 
Custom Made Curtains • 
Designer Fabrics • 
Condo Blinds • 
Condo Curtains • 
","IN HOME DECORATOR SERVICE
OUR FREE APPOINTMENT HOME VISIT SERVICE & QUOTE SAVES YOU TIME & MONEY

Our Professional Designer Comes To Your House To Help You Choose :

The Right Look & The Right Design At the Right Price

Top Rated Decorator:

Get professional decorating advice and shop for a whole new look without having to leave home
",,"• Custom Drapery
• Custom Blinds
• Decorator Service

MENTION HOMESTARS AND GET UP TO 70% OFF FOR CUSTOM ORDERS ONLY AND FREE INSTALLATION!! SHOP NOW BEFORE THE CHRISTMAS RUSH!",1970,10,Yes,,Yes,,TRUE,TRUE,,,TRUE,FALSE,,1872166,Crazy Joe's Drapery & Blinds,272,247,93,9.93927,"Shutters & Blinds, Window Shutter, Hurricane Shutter, Exterior Shutter, Window Blinds, Venetian Blinds, California shutters, plantation shutters, wood shutters, metal shutters,  roller blinds, roman blinds, custom blinds, sunscreens, vertical blinds, blind, curtains, shutter, for blinds, about blinds, blinds blinds blinds, blinds, blinds blinds, blinds to, and blinds, shades, shutters, the shutters, curtains and drapes, drapes and curtains, blinds and shade, blinds shade, window treatments and, window treatments, what are window treatments, shades and blinds, blinds & shades, shades blinds, shades and blinds, shades or blinds, blinds or shades, blinds and shades, window treatment, window coverings, window blinds, window blinds for, windows and blinds, window with blinds, blinds in window, blinds and window, blinds for window, ,Shades,Drapery & Curtains, Drapery, Custom Drapery, Blinds, Curtain Rods, Drapery Hardware, Curtain stores, Drapes, custom window coverings, drapery fabric, soft furnishings, roman blinds, custom blinds,  custom curtains, the curtain, curtain, curtains, drapery, drapes, drapery curtain, curtain drapery, drapery and curtain, curtain and drapery, drapery curtains, curtains and drapery, curtains drapery, drapery and curtains, valence, drapes and curtains, curtains drapes, curtains & drapes, curtains and drapes, drapes curtains, drapes & curtains, draperies, curtain and drapes, ,",0,2013-04-26T14:16:49.000-04:00,crazyjoes,FALSE,0,0,113,90,FALSE,37b423e9319b0efc6cf3f71153c1f6c048d38c76,TRUE,2022-06-28T21:09:29.000-04:00,TRUE,TRUE,2189875,98.4026048036,431,NA,NA
https://homestars.com/on/burlington/shutters-blinds,42,"c(""https://homestars.com/on/burlington/shutters-blinds?&page=2&"", ""https://homestars.com/on/burlington/shutters-blinds?&page=3&"", ""https://homestars.com/on/burlington/shutters-blinds?&page=4&"", ""https://homestars.com/on/burlington/shutters-blinds?&page=5&"")",Shutters & Blinds,2886777,http://www.dcshutters.ca,/companies/2886777-dc-shutters?searched_category_id=431&service_area=2093788,"***CALL TO HEAR OUR SPECIAL OFFERS TODAY***

DC SHUTTERS specializes in quality Canadian Manufacturer Shutters that withstand our harsh Canadian climate. 

Customers are happy because we provide custom shutters at great prices tailored to their needs. Our consultants and have over 22 years experience EACH so they are able to help you choose wisely. 

Our installers have over 25 years installing shutters so your shutters will function perfectly for many years. Your shutter is fabricated using quality wood, vinyl and paints so it will continue to look great for many years. Everyone we show them to agrees that the quality is easy to see and feel - so see for yourself. 

You provide the coffee and we will provide FREE advice in the comfort of your home. We’ll even bring our Plantation and California Wood Shutters samples for you to review.
 
Once you review what customers say about our offering - 
 
Check Out Our Website To:
 
- BOOK APPOINTMENT
- GET A QUICK QUOTE 
- REVIEW OUR OUR OFFERING
- CHECK OUT SPECIAL OFFERS",dc-shutters,2016-04-28T09:48:36.000-04:00,NA,NA,NA,"Our most popular wood shutter is manufactured by a local company 
that uses the highest high quality wood and paints, so your shutters
look better and last longer at a fraction of the price.

More important - we are able to custom design and install your 
shutters quickly. No long wait period.

Have a look at our samples and see the quality difference.

Our most popular vinyl shutter is made by Canada's 
premier manufacturers of windows - your vinyl is made of
the same pure un-recycled vinyl resin that will not change 
colour or warp.

CHECK OUT OUR WEBSITE FOR MORE PRODUCT DETAILS.
","In home consultations -- view samples - Free no obligation.
 
Custom Shutter Design
Shutter Installation
Blinds Installation

To further enhance your home we also offer:

Rod Iron door inserts
Glass door inserts

View more detail of the services we provide on our website (click the link below)",Custom wood and vinyl shutters from local manufacturers ,"We specializes in custom wood and vinyl shutters and glass and wrought iron door inserts.

Check out details on our website.",1997,5,"E-Transfer, Cash or Cheque",Not Applicable,Yes,HomeStars,TRUE,TRUE,Based on your requirement,None,TRUE,FALSE,25 Years Warranty,1949201,Dc Shutters,274,244,42,9.95082,"Shutters & Blinds, Window Shutter, Hurricane Shutter, Exterior Shutter, Window Blinds, Venetian Blinds, California shutters, plantation shutters, wood shutters, metal shutters,  roller blinds, roman blinds, custom blinds, sunscreens, vertical blinds, blind, curtains, shutter, for blinds, about blinds, blinds blinds blinds, blinds, blinds blinds, blinds to, and blinds, shades, shutters, the shutters, curtains and drapes, drapes and curtains, blinds and shade, blinds shade, window treatments and, window treatments, what are window treatments, shades and blinds, blinds & shades, shades blinds, shades and blinds, shades or blinds, blinds or shades, blinds and shades, window treatment, window coverings, window blinds, window blinds for, windows and blinds, window with blinds, blinds in window, blinds and window, blinds for window, ,Shades,",0,2016-05-06T16:35:57.000-04:00,dcshutters,FALSE,0,0,47,0,FALSE,d68e8ea2da1db8be8e0ea99de2d1551c6719f824,TRUE,2022-04-27T17:06:51.000-04:00,TRUE,TRUE,2093788,99.450915466,431,NA,NA
https://homestars.com/on/burlington/shutters-blinds,42,"c(""https://homestars.com/on/burlington/shutters-blinds?&page=2&"", ""https://homestars.com/on/burlington/shutters-blinds?&page=3&"", ""https://homestars.com/on/burlington/shutters-blinds?&page=4&"", ""https://homestars.com/on/burlington/shutters-blinds?&page=5&"")",Shutters & Blinds,194893,http://www.allurewindowdecor.com,/companies/194893-allure-window-decor-inc?searched_category_id=431&service_area=1829773,"<p>Who We Are Allure Window Decor Inc. has been a leader in the window fashions industry for almost ten years. We specialize in ALL custom window coverings. We carry an extensive line of window treatments – if you’ve seen it, we have it. Whether its blinds, shutters, drapes, or shades …  We are an exclusive dealer of the Eclipse Shutters which is the leading vinyl shutter in the marketplace.  Eclipse shutters are greeguard certified, waterproof, and carry a 25 year warranty</p>",allure-window-decor-inc,2008-01-23T10:22:02.000-05:00,NA,"Oakville, Milton ,Mississauga , Brampton , Etobicoke, Toronto, NorthYork, Scarborough, Pickering , AjaxWhitby, Brooklyn,  Oshawa, Woodbridge, Vaughan, RichmondHill, Maple, Thornhill, Markham, Stouffville, Concord, KingCity, Nobleton, Kleinburg, Schomberg, Georgetown, Caledon, Orangeville,Aurora, Newmarket, Uxbridge, PortPerry, Bradford, Keswick, Georgina, Bolton, Innisfil, Barrie",,,"Our window treatment experts have covered a varying array of window styles. Here is a sample of some of our work and an assortment of the ideas that we have created for our many wonderful clients. If there is something you see that you like, don't hesitate to contact us.
We would be pleased to re-create and customize it for your application.
","Hunter Douglas, Eclipse, Maxxmar, Mera","Motorized Window Coverings
Home automation
Specialty Shaped Windows
Interior Decorator/Designer Accounts
 ",2000,6,"Cash, Cheque, Credit Terms",,,BBB,TRUE,TRUE,,,TRUE,FALSE,Depending on products. Lifetime on most.,52022,Allure Window Decor Inc,148,134,70,9.81343,"Shutters & Blinds, Window Shutter, Hurricane Shutter, Exterior Shutter, Window Blinds, Venetian Blinds, California shutters, plantation shutters, wood shutters, metal shutters,  roller blinds, roman blinds, custom blinds, sunscreens, vertical blinds, blind, curtains, shutter, for blinds, about blinds, blinds blinds blinds, blinds, blinds blinds, blinds to, and blinds, shades, shutters, the shutters, curtains and drapes, drapes and curtains, blinds and shade, blinds shade, window treatments and, window treatments, what are window treatments, shades and blinds, blinds & shades, shades blinds, shades and blinds, shades or blinds, blinds or shades, blinds and shades, window treatment, window coverings, window blinds, window blinds for, windows and blinds, window with blinds, blinds in window, blinds and window, blinds for window, ,Shades,Drapery & Curtains, Drapery, Custom Drapery, Blinds, Curtain Rods, Drapery Hardware, Curtain stores, Drapes, custom window coverings, drapery fabric, soft furnishings, roman blinds, custom blinds,  custom curtains, the curtain, curtain, curtains, drapery, drapes, drapery curtain, curtain drapery, drapery and curtain, curtain and drapery, drapery curtains, curtains and drapery, curtains drapery, drapery and curtains, valence, drapes and curtains, curtains drapes, curtains & drapes, curtains and drapes, drapes curtains, drapes & curtains, draperies, curtain and drapes, ,",1,2008-09-29T20:33:26.000-04:00,allurewindow,FALSE,0,0,83,NA,FALSE,e6bfec2bb694687561e18fab814191db9c8baa16,TRUE,2022-06-02T22:14:42.000-04:00,TRUE,TRUE,1829773,97.1512481894,431,NA,NA
https://homestars.com/on/burlington/shutters-blinds,42,"c(""https://homestars.com/on/burlington/shutters-blinds?&page=2&"", ""https://homestars.com/on/burlington/shutters-blinds?&page=3&"", ""https://homestars.com/on/burlington/shutters-blinds?&page=4&"", ""https://homestars.com/on/burlington/shutters-blinds?&page=5&"")",Shutters & Blinds,2779917,http://www.shadesofhome.ca,/companies/2779917-shades-of-home?searched_category_id=431&service_area=2056661,"Shades of Home is a Family Owned Interior Design/Decor business specializing in Custom Drapery, Sheers and Motorized/Automatic Window Treatments.  

We've been in businesss since 1985 and have assisted thousands of homeowners, designers, builders & renovators with a variety of window treatments and soft furnishings.  Our designers and staff have years of experience AND a passion for what we offer our clients.

Shop by Brand, Hunter Douglas, Shade-O-Matic, Elite, Graber, MaxXmar, SunGlow, Altex, Eclipse, and more. Complete custom drapery with 4000+ designer fabrics, Unlimited styles and price ranges all expertly tailored and installed. And a huge selection of custom drapery hardware and motorization options.

***

WHO WE ARE - over 35 years in the window covering business

We do one thing, and we do it Really, Really Well.

Our DRAPERY SPECIALISTS and workroom can create any soft fabric treatment.  Our showrooms carry a huge selection of designer drapery fabrics for our clients to choose from.  Many of our drapery clients come to us after we have provided 'functional' window treatments in their homes or in their friends home and others have found our showroom on their own.

MAXXMAR offers some of the most innovative and well priced window treatments in the marketplace today.  We offer the full line of MaxXmar window fashions at prices our competition can't beat.

HUNTER DOUGLAS:  We have been a Hunter Douglas dealer for over 20 years.  Both of our showrooms are SHOWCASE SHOWROOMS meaning you will find every Hunter Douglas product on display with staff who can explain every Hunter Douglas option and our volume pricing ensures that it will be unlikely you will find a lower price on you Hunter Douglas Manual and PowerView shades.

SUNGLOW:  Specializing in the manufacturing of Sunscreen roller shades for residential and commercial applications, we offer SunGlow to our clients who are looking for oversized shades not available from Hunter Douglas, Elite or MaxXmar.  Their experience in Somfy motorization, linked shades, height and width makes them one of our key suppliers for commercial and condo applications.

ELITE WINDOW FASHIONS:  Since 1967 this Canadian company has been offering a wide selection of quality window coverings.  Well priced with fabrics similar to Hunter Douglases offerings, including e-motion and Somfy motorization.

MOTORIZATION  We have been selling, installing and programming motorized shades and drapery long before it became an entry level option for automating window coverings - 35 years to be exact.  Knowledge AND experience is an absolute necessity and all of our staff and technical installers are trained.  Not only will the shades be properly installed but also programmed and integrated into a variety of smart home systems.

Our sales approach is one of collaboration.  Our staff is hired for their ability and trained to spend enough time with the client to fully understand their expectations, needs and budget.  Then we can suggest options and allow the client to make the value decision for themselves.

We spend the extra time with each client to ensure they are choosing the right product that will provide solutions to their needs.  We try our best to balance privacy, light control with the right product that fits within the clients budget.

All in all I strive to make the environment and experience as stress-free as possible for my staff and clients.
 
Sincerely,
Stephen Poxon
Marie Iannace
Owners

LOCATIONS

OAKVILLE SHOWROOM - 
Marie Iannace - Custom Drapery & Hunter Douglas Specialist
Jasmina & Leslie - Window treatment Specialists
Steve - Motorization & Home Automation Specialist
Ben, Raj, Izzy and Doug - Installations

TORONTO SALES OFFICE
Marie - Custom Drapery & Window Covering Specialist

",shades-of-home,2010-06-19T22:25:25.000-04:00,NA,"Shades of Home has two convenient showrooms and offer convenient Shop-at-Home Service throughout the GTA
<br />Oakville Showroom
<br />1200 Speers Road, Oakville (between 3rd & 4th Line)
<br />Tel: 905-827-8555
<br />---------------------------------------------------------------------------
<br />Waterdown Showroom
<br />419 Dundas Street East, Waterdown
<br />Tel: 905-690-2555<br/>

<br/>Etobicoke Sales Office
<br />Tel: 416-540-1317<br/>

<br/>COMING SOON (Oct 2015)
<br />Toronto Showroom 
<br />900 Caledonia Road<br/>

<br/>",Monday thru Saturday 10am to 5pm,"Custom drapery, sheers, blinds & shades, Motorized blinds, shades, drapery & whole home solutions.","Custom Drapery Workroom, Upholstery, consultations, installations, whole home motorization solutions & installations.","SOMFY, Hunter Douglas, MaxXmar, SunGlow, Elite, Shade-o-Matic Shutters Joanne Fabrics, Kravet, Alendel, Unique Fabrics, Robert Allen, CDH, Trax, Decor Drapery Hardware","Smart Home Motorization and Automation of all custom window treatments.  Power drapery track, power roller shades, powered skylight applications, pocket roller shades, integration into home automation systems.",35,10,Visa/Mastercard/Cheque,,,,TRUE,FALSE,,,TRUE,FALSE,Limited lifetime warranty,1842969,Shades Of Home,133,123,212,9.9187,"Shutters & Blinds, Window Shutter, Hurricane Shutter, Exterior Shutter, Window Blinds, Venetian Blinds, California shutters, plantation shutters, wood shutters, metal shutters,  roller blinds, roman blinds, custom blinds, sunscreens, vertical blinds, blind, curtains, shutter, for blinds, about blinds, blinds blinds blinds, blinds, blinds blinds, blinds to, and blinds, shades, shutters, the shutters, curtains and drapes, drapes and curtains, blinds and shade, blinds shade, window treatments and, window treatments, what are window treatments, shades and blinds, blinds & shades, shades blinds, shades and blinds, shades or blinds, blinds or shades, blinds and shades, window treatment, window coverings, window blinds, window blinds for, windows and blinds, window with blinds, blinds in window, blinds and window, blinds for window, ,Shades,Drapery & Curtains, Drapery, Custom Drapery, Blinds, Curtain Rods, Drapery Hardware, Curtain stores, Drapes, custom window coverings, drapery fabric, soft furnishings, roman blinds, custom blinds,  custom curtains, the curtain, curtain, curtains, drapery, drapes, drapery curtain, curtain drapery, drapery and curtain, curtain and drapery, drapery curtains, curtains and drapery, curtains drapery, drapery and curtains, valence, drapes and curtains, curtains drapes, curtains & drapes, curtains and drapes, drapes curtains, drapes & curtains, draperies, curtain and drapes, ,Home Automation, Home Automation System, Wireless Home Automation, Home Automation Software, Smart Homes, wire, x10, home theatre, home security security, in home security, home security home, at home security, home security, home home security, control 4, wireless home, light control, the smart home, smart home, a smart home, home smart home, in home security systems, home security systems, security systems home, security systems for home, security systems for the home, home security system, security system home, home system security, security home system, security system for home, in home security system, house of security, in home automation, automation home, about home automation, what is home automation, how to home automation, home automation how to, automation for home, smart house, crestron, automation house, house automation, house of automation, smart homes, automation system, homeautomation, i home remote, remote home, TV Install, TV Wall Mounting, Ceiling Speaker Automation, Ceiling Speaking Installation,",1,2010-06-19T22:25:25.000-04:00,shadesofhome,FALSE,0,1,279,NA,FALSE,ad1af54a1a8bf31b9eb180d37717fb63c44ce832,TRUE,2022-10-06T14:24:48.000-04:00,TRUE,TRUE,2056661,97.7546697648,431,NA,NA
https://homestars.com/on/burlington/shutters-blinds,42,"c(""https://homestars.com/on/burlington/shutters-blinds?&page=2&"", ""https://homestars.com/on/burlington/shutters-blinds?&page=3&"", ""https://homestars.com/on/burlington/shutters-blinds?&page=4&"", ""https://homestars.com/on/burlington/shutters-blinds?&page=5&"")",Shutters & Blinds,2895305,http://www.kremerblinds.ca/,/companies/2895305-kremer-blinds?searched_category_id=431&service_area=2197664,"Kremer Blinds is a family owned and operated local company that specializes in the finest quality window coverings including blinds, shades, shutters, and drapery.
 
We are proud Canadians and we only use Canadian suppliers and products.
 
Kremer Blinds delivers a full customer service experience:
We provide an in home service where our specialist meets with you at your property and assists you in choosing the right window coverings to suit your needs. We also welcome you to book an appointment for a viewing of our beautiful display in our showroom.
 
After the consultation, our trained team with conduct on site, precise, measurements, followed by a professional installation.
 
Customer Service and Satisfaction is what we aim to achieve in every project. Regardless of the size and type of your project, whether a small, economical project to a high-end mega project, Kremer Blinds treats every project with equal consideration and professionalism. Because of that, we have created our 5 P’s which express what Kremer Blinds’ values are based on:
 
- Professional
- Passionate
- Precise
- Punctual
- Price conscious",kremer-blinds,2017-03-23T09:59:38.000-04:00,NA,NA,NA,,,,"Kremer Blinds specializes in window coverings, including blinds, shades, shutters and motorized systems. ",NA,NA,"E-Transfer, Cash, Cheque, ",,,,TRUE,FALSE,,,TRUE,FALSE,"Yes, please ask for details. ",1957729,Kremer Blinds,122,105,327,9.97143,"Shutters & Blinds, Window Shutter, Hurricane Shutter, Exterior Shutter, Window Blinds, Venetian Blinds, California shutters, plantation shutters, wood shutters, metal shutters,  roller blinds, roman blinds, custom blinds, sunscreens, vertical blinds, blind, curtains, shutter, for blinds, about blinds, blinds blinds blinds, blinds, blinds blinds, blinds to, and blinds, shades, shutters, the shutters, curtains and drapes, drapes and curtains, blinds and shade, blinds shade, window treatments and, window treatments, what are window treatments, shades and blinds, blinds & shades, shades blinds, shades and blinds, shades or blinds, blinds or shades, blinds and shades, window treatment, window coverings, window blinds, window blinds for, windows and blinds, window with blinds, blinds in window, blinds and window, blinds for window, ,Shades,Drapery & Curtains, Drapery, Custom Drapery, Blinds, Curtain Rods, Drapery Hardware, Curtain stores, Drapes, custom window coverings, drapery fabric, soft furnishings, roman blinds, custom blinds,  custom curtains, the curtain, curtain, curtains, drapery, drapes, drapery curtain, curtain drapery, drapery and curtain, curtain and drapery, drapery curtains, curtains and drapery, curtains drapery, drapery and curtains, valence, drapes and curtains, curtains drapes, curtains & drapes, curtains and drapes, drapes curtains, drapes & curtains, draperies, curtain and drapes, ,",0,NA,NA,FALSE,0,0,69,0,FALSE,54b9d9b420db87cfe1a0f41a96b4a2ed8314b778,TRUE,2022-08-22T19:57:51.000-04:00,TRUE,TRUE,2197664,99.7592158048,431,NA,NA
https://homestars.com/on/burlington/shutters-blinds,42,"c(""https://homestars.com/on/burlington/shutters-blinds?&page=2&"", ""https://homestars.com/on/burlington/shutters-blinds?&page=3&"", ""https://homestars.com/on/burlington/shutters-blinds?&page=4&"", ""https://homestars.com/on/burlington/shutters-blinds?&page=5&"")",Shutters & Blinds,2897663,http://windowfashionsdepot.com/,/companies/2897663-window-fashions-depot?searched_category_id=431&service_area=2126879,"Window Fashions Depot provides a large selection of interior & exterior window fashions; Shutters, Blinds, Shades, Drapery, Drapery Hardware and Specializes In Window Fashions Motorization. The Window Fashions Depot team is proud to share our passion for window coverings with home owners and businesses alike. 

We offer personalized and customized window covering designs that fit your needs and budget. The showroom is equipped with full sized displays, giving you the opportunity to easily see, touch, and compare products. Our experienced consultants are more than happy to work with you to achieve the look you desire, and offer free in-home consultations, with no obligations.

Adding the finishing touches to your space with style!
We carry a large selection of window coverings for every space.
Located in Toronto - we serve Toronto and the GTA.
Contact us for a quote - we are happy to help and be a part of your project. 

Services:
SHUTTERS
BLINDS & SHADES
AWNINGS
ROLLER SHUTTERS
DRAPERY
MOTORIZATION
WALLPAPER
BEDS/HEADBOARD

",window-fashions-depot,2017-05-30T22:48:12.000-04:00,NA,NA,NA,"SHUTTERS
BLINDS & SHADES
AWNINGS
ROLLER SHUTTERS
DRAPERY
MOTORIZATION
WALLPAPER","Home or Office Consultation, design, install, repair, Motorization Precon
","Hunter Douglas WF, Altex, Coulisse, Sunproject, Mera, Elite WF, Sun Glow WF, Dexter WF, Sol-R, Graber WF, Maxxmar WF, Shade-O-Matic WF, Kravet, Duralee, J.ennis, Saletex, Robert Allen, maxwell, Eddystone, Alendel, unique, JF, Avant Gardw, Soletex, jackson, equus, Stobag, Pentegon, Somfy, Furniture Depot, CDH, Brimar, Alhambra, Casa Euro, Deco & Deco, kirsh, forest, helsor brothers, paris texas, stuart & Bowes, vesta, orion, trax, jago, fabricant,
","Blinds, Drapery, motorization",2016,NA,"E-transfer, Visa, Master Card, Cheque",,,,TRUE,TRUE,,,TRUE,FALSE,,1960087,Window Fashions Depot,125,114,1370,9.90351,"Shutters & Blinds, Window Shutter, Hurricane Shutter, Exterior Shutter, Window Blinds, Venetian Blinds, California shutters, plantation shutters, wood shutters, metal shutters,  roller blinds, roman blinds, custom blinds, sunscreens, vertical blinds, blind, curtains, shutter, for blinds, about blinds, blinds blinds blinds, blinds, blinds blinds, blinds to, and blinds, shades, shutters, the shutters, curtains and drapes, drapes and curtains, blinds and shade, blinds shade, window treatments and, window treatments, what are window treatments, shades and blinds, blinds & shades, shades blinds, shades and blinds, shades or blinds, blinds or shades, blinds and shades, window treatment, window coverings, window blinds, window blinds for, windows and blinds, window with blinds, blinds in window, blinds and window, blinds for window, ,Shades,Drapery & Curtains, Drapery, Custom Drapery, Blinds, Curtain Rods, Drapery Hardware, Curtain stores, Drapes, custom window coverings, drapery fabric, soft furnishings, roman blinds, custom blinds,  custom curtains, the curtain, curtain, curtains, drapery, drapes, drapery curtain, curtain drapery, drapery and curtain, curtain and drapery, drapery curtains, curtains and drapery, curtains drapery, drapery and curtains, valence, drapes and curtains, curtains drapes, curtains & drapes, curtains and drapes, drapes curtains, drapes & curtains, draperies, curtain and drapes, ,Awnings & Canopies, Retractable Awning, Window Awning, Canopy Bed, Awnings, Outdoor shades, canopy, canopies, an awning, awning, pergola, gazebo, gazebos, canopy awning, awning canopies, canopy awnings, sun shade, sun shades, sun and shade, patio cover, sunshade, patio covers, patio umbrella, patio umbrellas, motorhome awning,,Shades, ,",0,2017-05-30T22:49:10.000-04:00,windowfashion,FALSE,0,0,1304,0,FALSE,d88147292456bd41fbb64b7f28c2e99ef94e7805,TRUE,2022-11-09T10:52:10.000-05:00,TRUE,TRUE,2126879,98.4123077741,431,NA,NA
https://homestars.com/on/burlington/shutters-blinds,42,"c(""https://homestars.com/on/burlington/shutters-blinds?&page=2&"", ""https://homestars.com/on/burlington/shutters-blinds?&page=3&"", ""https://homestars.com/on/burlington/shutters-blinds?&page=4&"", ""https://homestars.com/on/burlington/shutters-blinds?&page=5&"")",Shutters & Blinds,2943873,https://artivoshades.ca,/companies/2943873-artivo-shades?searched_category_id=431&service_area=2268739,"We provide both Outdoor and Indoor Shade services serving the Greater Toronto Area. At Artivo our focus is to provide styles that will elevate the decor of your space. Along with providing the ultimate comfort to fully control the level of sunlight and privacy at your home.

We're social here:
https://www.instagram.com/artivo.shades/?hl=en
https://www.facebook.com/artivo.shades.3",artivo-shades,2020-05-26T15:21:22.000-04:00,NA,NA,NA,,"Pergola
Drapes
Curtains
Awnings
Canopies
Blinds
Shutters",,"We bring the showroom experience to your home. 
We're very meticulous and will not leave until your happy.
We offer every single product that exists and we will advise on what is the best solution for you.  
Automation Specialist.
The best warranties in the industry.
Price guarantee within 3months of purchase.   
",NA,NA,ALL payment types accepted. ,Mechanical Engineer,,Preferred Window Covering Partner for HouseSigma,FALSE,FALSE,,,TRUE,FALSE,"We want to assure you the products we offer are of the highest quality. Therefore, we back it with a life time warranty*.",2006026,Artivo Shades,78,76,53,10,"Awnings & Canopies, Retractable Awning, Window Awning, Canopy Bed, Awnings, Outdoor shades, canopy, canopies, an awning, awning, pergola, gazebo, gazebos, canopy awning, awning canopies, canopy awnings, sun shade, sun shades, sun and shade, patio cover, sunshade, patio covers, patio umbrella, patio umbrellas, motorhome awning,,Shades, ,Shutters & Blinds, Window Shutter, Hurricane Shutter, Exterior Shutter, Window Blinds, Venetian Blinds, California shutters, plantation shutters, wood shutters, metal shutters,  roller blinds, roman blinds, custom blinds, sunscreens, vertical blinds, blind, curtains, shutter, for blinds, about blinds, blinds blinds blinds, blinds, blinds blinds, blinds to, and blinds, shades, shutters, the shutters, curtains and drapes, drapes and curtains, blinds and shade, blinds shade, window treatments and, window treatments, what are window treatments, shades and blinds, blinds & shades, shades blinds, shades and blinds, shades or blinds, blinds or shades, blinds and shades, window treatment, window coverings, window blinds, window blinds for, windows and blinds, window with blinds, blinds in window, blinds and window, blinds for window, ,Shades,",0,2020-05-26T15:23:10.000-04:00,,FALSE,0,0,25,0,FALSE,fcb25b5de588865c61c42dcb54bd8c1bc1c71d1a,TRUE,2022-10-20T12:08:29.000-04:00,TRUE,TRUE,2268739,98.5475377869,431,NA,NA
https://homestars.com/on/burlington/shutters-blinds,42,"c(""https://homestars.com/on/burlington/shutters-blinds?&page=2&"", ""https://homestars.com/on/burlington/shutters-blinds?&page=3&"", ""https://homestars.com/on/burlington/shutters-blinds?&page=4&"", ""https://homestars.com/on/burlington/shutters-blinds?&page=5&"")",Shutters & Blinds,2797107,http://www.dynamitecolours.com/,/companies/2797107-dynamite-colours-blinds-shutters-inc?searched_category_id=431&service_area=2165407,"Since 2003, Dynamite Colours has been dedicated to producing quality, custom-made window treatments. We work hard to provide the best possible service, aiming to consistently exceed our customers’ expectations with personalized assistance and quick, quality workmanship. We offer free in-home or in-office estimates, as well as a 100% customer satisfaction guarantee on everything we do. When you need blind or shade installation in Mississauga, ON or the surrounding areas, you can rely on Dynamite Colours to get the job done.

Free consultations by; Phone, Email, or Virtual Meeting",dynamite-colours-blinds-shutters-inc,2012-04-07T12:43:26.000-04:00,NA,ALL OF GTA,Mon to Sat  9am to 6pm,"Blinds, Shades, Drapery, Shutters
Motorized Delta Wand 
Cordless Power Blinds",,,"Blinds, Shades, Drapery, Shutters, Motorization",NA,NA,"cash, visa/mastercard and e-transfer",,,,TRUE,FALSE,,,FALSE,FALSE,"Yes, ask for details. ",1860159,Dynamite Colours Blinds & Shutters Inc.,73,63,67,9.74603,"Blinds Cleaning & Repairing, Blinds, cleaning blinds, repairing blinds, fixing blinds, cleaning Roman blinds, blind cleaning, blind fixing, blind repairing, venetian blinds, vertical blinds, blind cleaning services, venetian blinds cleaning, blind cleaning service, ultrasonic blind cleaning, blind repair, venetian blind repair, blinds cleaned, cleaning venetian blinds, cleaning mini blinds, ,Shutters & Blinds, Window Shutter, Hurricane Shutter, Exterior Shutter, Window Blinds, Venetian Blinds, California shutters, plantation shutters, wood shutters, metal shutters,  roller blinds, roman blinds, custom blinds, sunscreens, vertical blinds, blind, curtains, shutter, for blinds, about blinds, blinds blinds blinds, blinds, blinds blinds, blinds to, and blinds, shades, shutters, the shutters, curtains and drapes, drapes and curtains, blinds and shade, blinds shade, window treatments and, window treatments, what are window treatments, shades and blinds, blinds & shades, shades blinds, shades and blinds, shades or blinds, blinds or shades, blinds and shades, window treatment, window coverings, window blinds, window blinds for, windows and blinds, window with blinds, blinds in window, blinds and window, blinds for window, ,Shades,",0,2012-04-07T12:43:27.000-04:00,,FALSE,0,0,68,NA,FALSE,e79329ec5c51638cad2e519e5e35c545d745bf21,TRUE,2022-06-02T17:28:24.000-04:00,TRUE,TRUE,2165407,86.5845245777,431,NA,NA
https://homestars.com/on/burlington/shutters-blinds,42,"c(""https://homestars.com/on/burlington/shutters-blinds?&page=2&"", ""https://homestars.com/on/burlington/shutters-blinds?&page=3&"", ""https://homestars.com/on/burlington/shutters-blinds?&page=4&"", ""https://homestars.com/on/burlington/shutters-blinds?&page=5&"")",Shutters & Blinds,2924044,http://windowoutfitters.ca/,/companies/2924044-the-window-outfitters?searched_category_id=431&service_area=2181067,,the-window-outfitters,2018-11-12T12:37:36.000-05:00,NA,NA,NA,,,,,NA,NA,"E-Transfer, Cash, Cheque, All Major Credit Cards. ",,,,FALSE,FALSE,,,TRUE,FALSE,"Yes, ask for details. ",1986218,The Window Outfitters,57,51,26,10,"Shutters & Blinds, Window Shutter, Hurricane Shutter, Exterior Shutter, Window Blinds, Venetian Blinds, California shutters, plantation shutters, wood shutters, metal shutters,  roller blinds, roman blinds, custom blinds, sunscreens, vertical blinds, blind, curtains, shutter, for blinds, about blinds, blinds blinds blinds, blinds, blinds blinds, blinds to, and blinds, shades, shutters, the shutters, curtains and drapes, drapes and curtains, blinds and shade, blinds shade, window treatments and, window treatments, what are window treatments, shades and blinds, blinds & shades, shades blinds, shades and blinds, shades or blinds, blinds or shades, blinds and shades, window treatment, window coverings, window blinds, window blinds for, windows and blinds, window with blinds, blinds in window, blinds and window, blinds for window, ,Shades,",0,2018-11-12T12:37:44.000-05:00,NA,FALSE,0,0,18,0,FALSE,03747efa49dfedbb8e2661ecdd8b7f4c224821cd,TRUE,2022-01-13T21:51:38.000-05:00,TRUE,TRUE,2181067,96.803472816,431,NA,NA
https://homestars.com/on/burlington/shutters-blinds,42,"c(""https://homestars.com/on/burlington/shutters-blinds?&page=2&"", ""https://homestars.com/on/burlington/shutters-blinds?&page=3&"", ""https://homestars.com/on/burlington/shutters-blinds?&page=4&"", ""https://homestars.com/on/burlington/shutters-blinds?&page=5&"")",Shutters & Blinds,2953666,https://www.mwfashion.ca/,/companies/2953666-modern-window-fashion?searched_category_id=431&service_area=2247877,"RESIDENTIAL & COMMERCIAL WINDOW COVERINGS ONTARIO, CANADA
Modern window fashion is family owned and operated and has been in operation for 26 years. We provide Residential Window Covering and Commercial Window Covering Services. Keeping our customers and new clients satisfied with the best quality Window Covering services and products. We have Professional Window Covering Installers with over 28 years of experience. Our service is second to none. All our Residential & Commercial Window Coverings Products are Candian made. We carry product from some of the top manufactures of window coverings in Canada. We warranty all our Window Covering Products.

We're social are:
https://www.facebook.com/Modern-Window-Fashion-106275197457173/
https://twitter.com/BarringtonMcLa1",modern-window-fashion,2021-03-03T16:37:34.000-05:00,NA,NA,NA,,"20-California And Plantation Wood Shutters
We carry the Best Quality in California, Plantation, Vinyl and Wood Shutters. Modern Window Fashion will transform any Window in your home from Traditional to Contemporary.


California And Plantation Vinyl Shutters
We carry the Best Quality in California, Plantation, Vinyl and Wood Shutters. Modern Window Fashion will transform any Window in your home from Traditional to Contemporary.




Blinds and Shades at Modern Window Fashion - Window Fashion Brampton
Window Blinds and Window Shades
Modern Window Fashion carries a large variety of different Window Blinds and Shades such as ROMAN SHADES, ZEBRA DUAL SHADES & VISION BLINDS, FAUX WOOD BLINDS and many more. All our Window Covering Products are made with the highest quality materials, UV protected and warranted.
Window Glass Replacement - Window Treatments Ottawa by Modern Window Fashion
Window Glass Replacement
Modern Window Fashion will replace the glass in your window if the glass or seal is broken and causing condensation between the two panes of glass.
Window Shutter Repair and Shutter Respray - Window Treatments Caledon by Modern Window Fashion
Window Shutter Repair and Shutter Respray
Modern Window Fashion will Repair and Respray your old existing Window Shutters making them like new again.
Door Inserts Stain Glass
Door Inserts Stain Glass
Our Stained Glass Door Inserts will give your old existing doors a new vibrant look.
Door Inserts Wrought Iron 
Door Inserts Wrought Iron
Our Wrought Iron Door Inserts will give your old existing doors a new vibrant look.",,"Shutters, Blinds, Shades",2006,NA,"Cash, Cheque and e-transfer",,,,FALSE,FALSE,,,TRUE,FALSE,Yes. Kindly ask for details.  Depends on service completed. ,2015762,Modern Window Fashion,60,57,147,9.89474,"Shutters & Blinds, Window Shutter, Hurricane Shutter, Exterior Shutter, Window Blinds, Venetian Blinds, California shutters, plantation shutters, wood shutters, metal shutters,  roller blinds, roman blinds, custom blinds, sunscreens, vertical blinds, blind, curtains, shutter, for blinds, about blinds, blinds blinds blinds, blinds, blinds blinds, blinds to, and blinds, shades, shutters, the shutters, curtains and drapes, drapes and curtains, blinds and shade, blinds shade, window treatments and, window treatments, what are window treatments, shades and blinds, blinds & shades, shades blinds, shades and blinds, shades or blinds, blinds or shades, blinds and shades, window treatment, window coverings, window blinds, window blinds for, windows and blinds, window with blinds, blinds in window, blinds and window, blinds for window, ,Shades,Windows & Doors Installation & Service, install Replacement Window, Screen Door, Wood door, metal door, fire door, sliding door, french door, glass paned door, sash windows, casement windows, bay windows, bow windows, energy star windows, lead-paned windows, Windows,  wondows, windowa, windwos, winows, windows canada, windows home, canadian windows and doors, window manufacturers canada, house windows canada, canada windows, vinyl windows and doors, windows and doors canada, windows and doors, house windows, vinyl windows, canadian windows, buy windows, windows price, doors canada, windows manufacturers, windows for houses, canada doors, canadian door, windows vinyl, new house windows, canadian made windows, exterior windows, residential windows, black vinyl windows, garden doors canada, windows house, window suppliers, window companies toronto, vinyl windows price, windows canada store, window stores, store windows, vinyl doors, gta windows, buy doors, new windows and doors, shop windows, replacement windows, buy home windows, cheap home windows,  phantom screens, doors ontario, doors canada, canada doors, phantom screen doors, custom sliding window, double french doors, phantom retractable screens, plywood doors, screen doors wood, exterior doors, barn doors, entrance doors, steel doors, sliding screen doors, sliding barn doors, retractable screen door, exterior french doors, saloon doors, french windows, barn style doors, wooden doors, french patio doors, loft doors, solid wood doors, types of doors, custom doors, wood front doors, window doors, invisible screen door, exterior wood doors, interior wood doors, panel doors, door screens,  shutter doors, swing doors, wood entry doors, office doors, barn windows, retractable door, patio screen door, basement doors, exterior glass, exterior glass doors, french door screens, rolling screen door, screens for french doors, wooden exterior door, custom front doors, solid wood exterior doors, unique doors, pocket doors toronto, cheap interior doors, front doors, entry doors, solid oak doors, shop windows, front screen doors, custom wood doors toronto, window installations, window installation companies, windows and doors installation, windows and door installer, door installer, window contractors, door installation toronto, home window installation, windows and doors replacement, door installer toronto, replacement window doors, door replacement toronto, door company, best windows and doors reviews, long life windows, longlife windows, custom windows toronto, replacement doors, certified windows and doors reviews, install vinyl windows, install a door, door contractors, interior door installation, door repair, windows repair, windows replacement, exterior door installation, shower door installation,  front door replacement, garden doors, caulking,",0,2021-03-03T16:39:38.000-05:00,modernwindowfashion,FALSE,0,0,153,0,FALSE,cd835b95dbec1c83a415af63b57ef639ab0845fd,TRUE,2022-05-30T23:17:01.000-04:00,TRUE,TRUE,2247877,97.7890067706,431,NA,NA
https://homestars.com/on/burlington/shutters-blinds,42,"c(""https://homestars.com/on/burlington/shutters-blinds?&page=2&"", ""https://homestars.com/on/burlington/shutters-blinds?&page=3&"", ""https://homestars.com/on/burlington/shutters-blinds?&page=4&"", ""https://homestars.com/on/burlington/shutters-blinds?&page=5&"")",Shutters & Blinds,2969049,,/companies/2969049-blinds-by-mw?searched_category_id=431&service_area=2291564,"Blinds By MW is a family-owned and operated business serving the GTA by providing affordable, reliable, and smart blinds. 

Our window treatment experts are the best at what they do because they professionally measure, quote and install blinds. Providing you with a seamless experience while dealing with one point of contact. 

We assess your home for FREE and provide a designer-like consultation for your window coverings. 

Blinds by MW has realized that in this ever-changing industry, our customer Satisfaction and Safety our the key factors to bringing every project to completion. Because of that Blinds by MW is based on 5 values:

- Professional
- Passionate
- Precise
- Punctual
- Price-conscious

We invite you to browse through our photo gallery and contact us.",blinds-by-mw,2022-06-06T18:23:10.000-04:00,NA,NA,NA,"We offer the following products:

- ZEBRA BLINDS
- ROLLER SHADES
- DUAL SHADES
- SOLAR SHADES
- SHEER SHADES
- SILHOUETTES
- SHINGRILLA 

- SMART MOTORIZED BLINDS
- ACCESS WITH ALEXA & GOOGLE
- REMOTE CONTROL BLINDS
- APP BASED ACCESSTO BLINDS
- RECHARGEABLE BLINDS

- SOLAR PANEL OPTIONS

- Window Automation experts!","Our window treatment experts are the best at what they do because they professionally measure, quote and install blinds. Providing you with a seamless experience while dealing with one point of contact.  ",,"Measure, Quote, Install all under one roof!

-  Smart, motorized, Solar & app based. 

- Working at heights",NA,NA,"Cash, E-Transfer, & All major credit cards",,,,FALSE,FALSE,,,FALSE,FALSE,"Yes, please ask for details.",2030967,BLINDS BY MW,20,18,337,10,"Shutters & Blinds, Window Shutter, Hurricane Shutter, Exterior Shutter, Window Blinds, Venetian Blinds, California shutters, plantation shutters, wood shutters, metal shutters,  roller blinds, roman blinds, custom blinds, sunscreens, vertical blinds, blind, curtains, shutter, for blinds, about blinds, blinds blinds blinds, blinds, blinds blinds, blinds to, and blinds, shades, shutters, the shutters, curtains and drapes, drapes and curtains, blinds and shade, blinds shade, window treatments and, window treatments, what are window treatments, shades and blinds, blinds & shades, shades blinds, shades and blinds, shades or blinds, blinds or shades, blinds and shades, window treatment, window coverings, window blinds, window blinds for, windows and blinds, window with blinds, blinds in window, blinds and window, blinds for window, ,Shades,Drapery & Curtains, Drapery, Custom Drapery, Blinds, Curtain Rods, Drapery Hardware, Curtain stores, Drapes, custom window coverings, drapery fabric, soft furnishings, roman blinds, custom blinds,  custom curtains, the curtain, curtain, curtains, drapery, drapes, drapery curtain, curtain drapery, drapery and curtain, curtain and drapery, drapery curtains, curtains and drapery, curtains drapery, drapery and curtains, valence, drapes and curtains, curtains drapes, curtains & drapes, curtains and drapes, drapes curtains, drapes & curtains, draperies, curtain and drapes, ,",0,2022-06-06T18:23:41.000-04:00,blindsbymw,FALSE,0,0,264,0,FALSE,1d42cc10e1d3a0c6d44c4f2598a1d5cb9a3442d7,TRUE,2022-07-16T15:21:30.000-04:00,TRUE,TRUE,2291564,98.5994165842,431,NA,NA
https://homestars.com/on/burlington/shutters-blinds,42,"c(""https://homestars.com/on/burlington/shutters-blinds?&page=2&"", ""https://homestars.com/on/burlington/shutters-blinds?&page=3&"", ""https://homestars.com/on/burlington/shutters-blinds?&page=4&"", ""https://homestars.com/on/burlington/shutters-blinds?&page=5&"")",Shutters & Blinds,2963879,https://www.marilynswindows.com/www.marilynswindows.com/index.html,/companies/2963879-marilyns-windows-interiors?searched_category_id=431&service_area=2270574,"For over 19 years, Marilyn’s Windows & Interiors has custom created exquisitely handcrafted window dressings for luxury homeowners, custom builders, interior designers, and commercial properties. Marilyn and her gifted team of professionals design and sew custom curtains, drapes, roman blinds, shades, and home beddings and accents using only the finest quality materials and accessories. Premium-quality blinds, shutters, and fine hardware diversify her portfolio so you can be free to design the home of your dreams or that of your clients. Every thread and contour of your window treatment is accomplished to fit your personal style and vision like a hand in glove. Marilyn's Window & Interiors provides its custom window treatment design solutions, for residential and commercial spaces, across Oakville, Burlington, Mississauga, Georgetown, Milton and surrounding areas.",marilyns-windows-interiors,2022-01-24T15:48:04.000-05:00,NA,NA,NA,,,,,NA,NA,,,,,FALSE,FALSE,,,FALSE,FALSE,,2025829,marilyns windows & interiors,7,7,8,10,"Drapery & Curtains, Drapery, Custom Drapery, Blinds, Curtain Rods, Drapery Hardware, Curtain stores, Drapes, custom window coverings, drapery fabric, soft furnishings, roman blinds, custom blinds,  custom curtains, the curtain, curtain, curtains, drapery, drapes, drapery curtain, curtain drapery, drapery and curtain, curtain and drapery, drapery curtains, curtains and drapery, curtains drapery, drapery and curtains, valence, drapes and curtains, curtains drapes, curtains & drapes, curtains and drapes, drapes curtains, drapes & curtains, draperies, curtain and drapes, ,Shutters & Blinds, Window Shutter, Hurricane Shutter, Exterior Shutter, Window Blinds, Venetian Blinds, California shutters, plantation shutters, wood shutters, metal shutters,  roller blinds, roman blinds, custom blinds, sunscreens, vertical blinds, blind, curtains, shutter, for blinds, about blinds, blinds blinds blinds, blinds, blinds blinds, blinds to, and blinds, shades, shutters, the shutters, curtains and drapes, drapes and curtains, blinds and shade, blinds shade, window treatments and, window treatments, what are window treatments, shades and blinds, blinds & shades, shades blinds, shades and blinds, shades or blinds, blinds or shades, blinds and shades, window treatment, window coverings, window blinds, window blinds for, windows and blinds, window with blinds, blinds in window, blinds and window, blinds for window, ,Shades,",0,2022-01-24T15:48:44.000-05:00,,FALSE,0,0,12,0,FALSE,d57068a5360e74b0a91e2e1b3032fd175748e62f,TRUE,2022-02-01T15:23:07.000-05:00,TRUE,TRUE,2270574,89.0869027397,431,NA,NA
https://homestars.com/on/burlington/shutters-blinds,42,"c(""https://homestars.com/on/burlington/shutters-blinds?&page=2&"", ""https://homestars.com/on/burlington/shutters-blinds?&page=3&"", ""https://homestars.com/on/burlington/shutters-blinds?&page=4&"", ""https://homestars.com/on/burlington/shutters-blinds?&page=5&"")",Shutters & Blinds,2960535,http://www.melrosewindowcoverings.com,/companies/2960535-melrose-window-coverings?searched_category_id=431&service_area=2263061,"We got into this business because we noticed there was a huge gap in the industry. Finding a company you can trust that also had competitive pricing and great customer service was difficult. At Melrose we meet, or exceed, all customer expectations. We offer a large line of products that is distributed nationwide to some of the biggest stores in Canada. Our honesty, hard work, and drive is what identifies us as a company.

When you're shopping with us, you can rest assured that you are doing business with a company that has your back. We are available by phone 24/7. Our specialists will always be able to give you expert advice before, and after your installation. We will never forget about you, our top priority is to make your visions come to life - if you're not happy, we're not happy!

We take care of our customers as if they were one of us - because that's all we know. 

When you're shopping with us, you can rest assured that you are doing business with an honest, hard working, reliable family who will always have your back. We are available by phone at all hours of the days and night. Your specialists will always be able to give you expert advice before, and after your installation. We will never forget about you, our top priority is making you happy! 

If you have any questions at all please do not hesitate to reach out to either of our offices. We are just a phone call away for any questions, comments or concerns you may have for us.",melrose-window-coverings,2021-10-13T13:12:48.000-04:00,NA,NA,NA,Window Coverings,Installation,Maxxmar,"Zebra blinds, Roller blinds, California Shutters",2021,5,"Credit Card, Cheque, Cash, E-Transfer",,,,FALSE,FALSE,,,FALSE,FALSE,25 years,2022511,Melrose Window Coverings,24,18,1,10,"Shutters & Blinds, Window Shutter, Hurricane Shutter, Exterior Shutter, Window Blinds, Venetian Blinds, California shutters, plantation shutters, wood shutters, metal shutters,  roller blinds, roman blinds, custom blinds, sunscreens, vertical blinds, blind, curtains, shutter, for blinds, about blinds, blinds blinds blinds, blinds, blinds blinds, blinds to, and blinds, shades, shutters, the shutters, curtains and drapes, drapes and curtains, blinds and shade, blinds shade, window treatments and, window treatments, what are window treatments, shades and blinds, blinds & shades, shades blinds, shades and blinds, shades or blinds, blinds or shades, blinds and shades, window treatment, window coverings, window blinds, window blinds for, windows and blinds, window with blinds, blinds in window, blinds and window, blinds for window, ,Shades,",0,2021-10-13T13:13:43.000-04:00,,FALSE,0,0,2,0,FALSE,b90c82d0ee6519ed18767d2059aa304da0576d20,TRUE,2021-12-17T12:59:52.000-05:00,TRUE,TRUE,2263061,93.9955620338,431,NA,NA
https://homestars.com/on/burlington/shutters-blinds,42,"c(""https://homestars.com/on/burlington/shutters-blinds?&page=2&"", ""https://homestars.com/on/burlington/shutters-blinds?&page=3&"", ""https://homestars.com/on/burlington/shutters-blinds?&page=4&"", ""https://homestars.com/on/burlington/shutters-blinds?&page=5&"")",Shutters & Blinds,206152,http://www.fasada.ca,/companies/206152-fasada-inc?searched_category_id=431&service_area=1812355,"Fasada completely focuses on your window coverings, doors and window needs – anything to improve the façade of your home. And we’ve gained quite a following in the locations that we service – Oakville, Burlington, Hamilton, Ancaster, Milton and Dundas.

We have a beautiful product gallery in Oakville, and also offer in home consultation and sales.

Our outstanding service has been recognized by Oakville Beaver, Burlington Post and Oakville Today readers many years in a row as the choice window & door company in the area
",fasada-inc,2008-01-23T10:27:18.000-05:00,NA,NA,"M-F 10-5, Sa 10-3","Windows, Doors, Shutters, Blinds, Drapery","Supply & Install Windows, Doors & Window Coverings","Vinylbilt Windows,
Trutech Doors,
Garaga,
Hunter Douglas,
Eclipse Shutters,
Levolor,
Maxxmar,
Sun Glow",,1999,11,"Cheque, Cash, Credit, Debit, Finance",,,"BBB, CDECA",TRUE,FALSE,,,TRUE,FALSE,,61265,Fasada,35,34,94,9.32353,"Shutters & Blinds, Window Shutter, Hurricane Shutter, Exterior Shutter, Window Blinds, Venetian Blinds, California shutters, plantation shutters, wood shutters, metal shutters,  roller blinds, roman blinds, custom blinds, sunscreens, vertical blinds, blind, curtains, shutter, for blinds, about blinds, blinds blinds blinds, blinds, blinds blinds, blinds to, and blinds, shades, shutters, the shutters, curtains and drapes, drapes and curtains, blinds and shade, blinds shade, window treatments and, window treatments, what are window treatments, shades and blinds, blinds & shades, shades blinds, shades and blinds, shades or blinds, blinds or shades, blinds and shades, window treatment, window coverings, window blinds, window blinds for, windows and blinds, window with blinds, blinds in window, blinds and window, blinds for window, ,Shades,",0,2008-08-06T04:40:17.000-04:00,fasada,FALSE,0,0,96,NA,FALSE,b0fbf66210d687b4bab99637ca7a6915574fe7c0,TRUE,2017-08-28T09:25:12.000-04:00,TRUE,FALSE,1812355,76.0368693942,431,NA,NA
https://homestars.com/on/burlington/shutters-blinds,42,"c(""https://homestars.com/on/burlington/shutters-blinds?&page=2&"", ""https://homestars.com/on/burlington/shutters-blinds?&page=3&"", ""https://homestars.com/on/burlington/shutters-blinds?&page=4&"", ""https://homestars.com/on/burlington/shutters-blinds?&page=5&"")",Shutters & Blinds,2856570,https://www.perfectviewinc.ca,/companies/2856570-Perfect-View-Window-Coverings-Doors-Windows?searched_category_id=431&service_area=1981887,"Perfect View Window Coverings, Doors & Windows Inc. is celebrated for its thoughtful and refined approach in outfitting your home, office or condo, with provocative and luxurious results in window coverings, doors and windows. Our interior design consultants work with clients to ensure their privacy, home efficiency and personalized decor needs are met within budget and on time.  Perfect View's experience and passion is evident from the moment you first meet their sales team, through the final installation and clean-up.

Our sales team provides clear and logical window treatment solutions that improve and enhance the interior and exterior surroundings. Whether you prefer classic or modern, bold colours or something more subtle, polish and function are essential. Every project is a true collaboration, bringing you industry leading solutions in aesthetics, utility and technology.

Our services include the following:  Window treatment installation, skylight blind installation, window installation, egress window installation, entry door installation, patio door installation",Perfect-View-Window-Coverings-Doors-Windows,2014-07-15T12:44:03.000-04:00,NA,"Burlington, Oakville, Hamilton and the Greater Toronto Area ",8 AM - 9 PM,"Windows, Doors, Garage Doors, Blinds, Shades, Shutters, Window Coverings","Window treatment installation, skylight blind installation, window installation, egress window installation, entry door installation, patio door installation","Hunter Douglas Window Treatments, Maxxmar Window Fashions, Strassburger Windows and Doors, Velux Skylight Blinds, Garage Doors by Garaga, CHI Overhead Doors","Windows, Entry Doors, Patio Doors, Skylight Shading, Window Coverings, Egress Windows",2014,7,,,Hunter Douglas Priority Dealer,,TRUE,FALSE,,,TRUE,FALSE,,1919000,"Perfect View Window Coverings, Doors & Windows",11,8,17,10,"Shutters & Blinds, Window Shutter, Hurricane Shutter, Exterior Shutter, Window Blinds, Venetian Blinds, California shutters, plantation shutters, wood shutters, metal shutters,  roller blinds, roman blinds, custom blinds, sunscreens, vertical blinds, blind, curtains, shutter, for blinds, about blinds, blinds blinds blinds, blinds, blinds blinds, blinds to, and blinds, shades, shutters, the shutters, curtains and drapes, drapes and curtains, blinds and shade, blinds shade, window treatments and, window treatments, what are window treatments, shades and blinds, blinds & shades, shades blinds, shades and blinds, shades or blinds, blinds or shades, blinds and shades, window treatment, window coverings, window blinds, window blinds for, windows and blinds, window with blinds, blinds in window, blinds and window, blinds for window, ,Shades,",0,NA,perfectview,FALSE,0,0,19,0,FALSE,1df3cb6bf6529de1335d4cf055838f8e9acb98bb,TRUE,2016-09-27T12:27:11.000-04:00,TRUE,FALSE,1981887,58.2556965723,431,NA,NA
https://homestars.com/on/burlington/shutters-blinds,42,"c(""https://homestars.com/on/burlington/shutters-blinds?&page=2&"", ""https://homestars.com/on/burlington/shutters-blinds?&page=3&"", ""https://homestars.com/on/burlington/shutters-blinds?&page=4&"", ""https://homestars.com/on/burlington/shutters-blinds?&page=5&"")",Shutters & Blinds,311602,,/companies/311602-blind-advantage?searched_category_id=431&service_area=1827728,"At Blind Advantage, we specialized in providing professional window covering solutions, custom designed drapery and the luxurious bar stools and the most beautiful custom luxury bedding on the market.  Our window shades, blinds and shutters are manufactured by Hunter Douglas, Eclipse Shutters, Shade-o-Matic Levolor and Maxxmar.

A family owned business since 1985, we are an award winning company recognized as the ""Best Window Covering Store"" by Readers Choice Awards.
",blind-advantage,2007-09-19T20:00:00.000-04:00,NA,"Burlington, Oakville, Milton, GTA Dundas, Ancaster, Hamilton, Waterdown, Stoney Creek and surrounding areas ",Mon-Fri 10 - 6p.m. Sat. 10 -5 p.m.,NA,NA,NA,NA,0,0,NA,NA,NA,NA,FALSE,FALSE,NA,NA,FALSE,FALSE,NA,105899,Blind Advantage,5,4,0,9.5,"Shutters & Blinds, Window Shutter, Hurricane Shutter, Exterior Shutter, Window Blinds, Venetian Blinds, California shutters, plantation shutters, wood shutters, metal shutters,  roller blinds, roman blinds, custom blinds, sunscreens, vertical blinds, blind, curtains, shutter, for blinds, about blinds, blinds blinds blinds, blinds, blinds blinds, blinds to, and blinds, shades, shutters, the shutters, curtains and drapes, drapes and curtains, blinds and shade, blinds shade, window treatments and, window treatments, what are window treatments, shades and blinds, blinds & shades, shades blinds, shades and blinds, shades or blinds, blinds or shades, blinds and shades, window treatment, window coverings, window blinds, window blinds for, windows and blinds, window with blinds, blinds in window, blinds and window, blinds for window, ,Shades,",0,2011-10-08T15:43:10.000-04:00,NA,FALSE,0,0,0,NA,FALSE,05fbc378d0e2e280df2651cedd5e525163744cf7,TRUE,2013-02-21T20:21:10.000-05:00,TRUE,FALSE,1827728,25.3501677224,431,NA,NA
https://homestars.com/on/burlington/shutters-blinds,42,"c(""https://homestars.com/on/burlington/shutters-blinds?&page=2&"", ""https://homestars.com/on/burlington/shutters-blinds?&page=3&"", ""https://homestars.com/on/burlington/shutters-blinds?&page=4&"", ""https://homestars.com/on/burlington/shutters-blinds?&page=5&"")",Shutters & Blinds,197946,http://www.blindstogo.com,/companies/197946-blinds-to-go?searched_category_id=431&service_area=1807398,,blinds-to-go,2008-01-23T10:23:26.000-05:00,NA,"Brampton, Concord, Etobicoke, Markham, Mississauga, Newmarket, North York, Oakville, Richmond Hill, Scarborough, Thornhill, Toronto, Unionville, Vaughan, Woodbridge ",,,,,,0,0,,,,,FALSE,FALSE,,,FALSE,FALSE,,54558,Blinds To Go,13,11,0,8.61364,"Shutters & Blinds, Window Shutter, Hurricane Shutter, Exterior Shutter, Window Blinds, Venetian Blinds, California shutters, plantation shutters, wood shutters, metal shutters,  roller blinds, roman blinds, custom blinds, sunscreens, vertical blinds, blind, curtains, shutter, for blinds, about blinds, blinds blinds blinds, blinds, blinds blinds, blinds to, and blinds, shades, shutters, the shutters, curtains and drapes, drapes and curtains, blinds and shade, blinds shade, window treatments and, window treatments, what are window treatments, shades and blinds, blinds & shades, shades blinds, shades and blinds, shades or blinds, blinds or shades, blinds and shades, window treatment, window coverings, window blinds, window blinds for, windows and blinds, window with blinds, blinds in window, blinds and window, blinds for window, ,Shades,",0,2009-03-24T05:00:41.000-04:00,NA,FALSE,0,0,0,NA,FALSE,0f3935e3cb818378502e5ec9c25397f70716289d,FALSE,2015-12-16T11:15:40.000-05:00,FALSE,FALSE,1807398,46.8982562417,431,NA,NA
https://homestars.com/on/burlington/shutters-blinds,42,"c(""https://homestars.com/on/burlington/shutters-blinds?&page=2&"", ""https://homestars.com/on/burlington/shutters-blinds?&page=3&"", ""https://homestars.com/on/burlington/shutters-blinds?&page=4&"", ""https://homestars.com/on/burlington/shutters-blinds?&page=5&"")",Shutters & Blinds,2927284,http://www.exquisiteexteriors.ca,/companies/2927284-exquisite-exteriors-inc?searched_category_id=431&service_area=2188424,"Exquisite Exteriors specializes in supply and installation of Custom Designed Windows and Doors, Custom Designed and Manufactured Garage Doors, as well as Custom Maintenance Free Exterior Trim. Did you know that garage doors can account for up t0 40% of a home's facade? This means that the aesthetics of garage doors have become an integral part of the exterior design! Contact us today to schedule your appointment.",exquisite-exteriors-inc,2019-02-07T11:57:56.000-05:00,NA,NA,NA,,,,,NA,NA,,,,,FALSE,FALSE,,,FALSE,FALSE,,1989458,Exquisite Exteriors Inc.,4,4,70,8,"Shutters & Blinds, Window Shutter, Hurricane Shutter, Exterior Shutter, Window Blinds, Venetian Blinds, California shutters, plantation shutters, wood shutters, metal shutters,  roller blinds, roman blinds, custom blinds, sunscreens, vertical blinds, blind, curtains, shutter, for blinds, about blinds, blinds blinds blinds, blinds, blinds blinds, blinds to, and blinds, shades, shutters, the shutters, curtains and drapes, drapes and curtains, blinds and shade, blinds shade, window treatments and, window treatments, what are window treatments, shades and blinds, blinds & shades, shades blinds, shades and blinds, shades or blinds, blinds or shades, blinds and shades, window treatment, window coverings, window blinds, window blinds for, windows and blinds, window with blinds, blinds in window, blinds and window, blinds for window, ,Shades,",0,2019-02-07T11:58:35.000-05:00,NA,FALSE,0,0,77,0,FALSE,6cbbe4dcd0934c8118533eea26314fc37df504df,TRUE,NA,TRUE,FALSE,2188424,54.5693178851,431,NA,NA
https://homestars.com/on/burlington/shutters-blinds,42,"c(""https://homestars.com/on/burlington/shutters-blinds?&page=2&"", ""https://homestars.com/on/burlington/shutters-blinds?&page=3&"", ""https://homestars.com/on/burlington/shutters-blinds?&page=4&"", ""https://homestars.com/on/burlington/shutters-blinds?&page=5&"")",Shutters & Blinds,2623274,http://www.blindstogo.com,/companies/2623274-blinds-to-go?searched_category_id=431&service_area=1636478,,blinds-to-go,2008-03-04T16:55:15.000-05:00,NA,NA,,NA,NA,NA,NA,NA,NA,NA,NA,NA,NA,FALSE,FALSE,NA,NA,FALSE,FALSE,NA,1686326,Blinds To Go,1,1,0,1,"Shutters & Blinds, Window Shutter, Hurricane Shutter, Exterior Shutter, Window Blinds, Venetian Blinds, California shutters, plantation shutters, wood shutters, metal shutters,  roller blinds, roman blinds, custom blinds, sunscreens, vertical blinds, blind, curtains, shutter, for blinds, about blinds, blinds blinds blinds, blinds, blinds blinds, blinds to, and blinds, shades, shutters, the shutters, curtains and drapes, drapes and curtains, blinds and shade, blinds shade, window treatments and, window treatments, what are window treatments, shades and blinds, blinds & shades, shades blinds, shades and blinds, shades or blinds, blinds or shades, blinds and shades, window treatment, window coverings, window blinds, window blinds for, windows and blinds, window with blinds, blinds in window, blinds and window, blinds for window, ,Shades,",0,2009-03-24T05:15:26.000-04:00,NA,FALSE,0,0,0,NA,FALSE,c4fa75d6632801359ee6d18f0f28ab5c52ea84e3,FALSE,2014-02-15T12:47:24.000-05:00,FALSE,FALSE,1636478,0.0,431,NA,NA
https://homestars.com/on/burlington/shutters-blinds,42,"c(""https://homestars.com/on/burlington/shutters-blinds?&page=2&"", ""https://homestars.com/on/burlington/shutters-blinds?&page=3&"", ""https://homestars.com/on/burlington/shutters-blinds?&page=4&"", ""https://homestars.com/on/burlington/shutters-blinds?&page=5&"")",Shutters & Blinds,2964843,NA,/companies/2964843-kaydzen-ltd?searched_category_id=431&service_area=2272677,NA,kaydzen-ltd,2022-02-16T21:10:02.000-05:00,NA,NA,NA,NA,NA,NA,NA,NA,NA,NA,NA,NA,NA,FALSE,FALSE,NA,NA,FALSE,FALSE,NA,2026773,Kaydzen Ltd ,0,0,0,NA,"Shutters & Blinds, Window Shutter, Hurricane Shutter, Exterior Shutter, Window Blinds, Venetian Blinds, California shutters, plantation shutters, wood shutters, metal shutters,  roller blinds, roman blinds, custom blinds, sunscreens, vertical blinds, blind, curtains, shutter, for blinds, about blinds, blinds blinds blinds, blinds, blinds blinds, blinds to, and blinds, shades, shutters, the shutters, curtains and drapes, drapes and curtains, blinds and shade, blinds shade, window treatments and, window treatments, what are window treatments, shades and blinds, blinds & shades, shades blinds, shades and blinds, shades or blinds, blinds or shades, blinds and shades, window treatment, window coverings, window blinds, window blinds for, windows and blinds, window with blinds, blinds in window, blinds and window, blinds for window, ,Shades,",0,2022-02-16T21:10:10.000-05:00,NA,FALSE,0,0,0,0,FALSE,486c249a3a7cc197efd3798c169db712ce09d724,FALSE,NA,FALSE,FALSE,2272677,-1.0,431,NA,NA
https://homestars.com/on/burlington/shutters-blinds,42,"c(""https://homestars.com/on/burlington/shutters-blinds?&page=2&"", ""https://homestars.com/on/burlington/shutters-blinds?&page=3&"", ""https://homestars.com/on/burlington/shutters-blinds?&page=4&"", ""https://homestars.com/on/burlington/shutters-blinds?&page=5&"")",Shutters & Blinds,2564265,http://www.sunrisewindowcoverings.com,/companies/2564265-sunrise-window-coverings?searched_category_id=431&service_area=1577469,Sunrise Window Coverings ofers the best selection of custom window coverings. We ofer the most comprehensive advice to help you make the best decisions to match your lifestyle and budget. Shoping for your favorite product is easy. Our everyday prices can beat those of competitors ,sunrise-window-coverings,2008-02-28T05:35:25.000-05:00,NA,NA," M-Th 9-6, F 9-9, Sa 9-6, Su 11-5",all window coverings available,"Sunrise Window Coverings offers the best selection of custom window coverings. We offer the most comprehensive advice to help you make the best decisions to match your lifestyle and budget. Shopping for your favorite product is easy. Our everyday prices can beat those of competitors



",NA,NA,1994,15,"visa/mastercard , cheque or cash",NA,NA,NA,TRUE,TRUE,NA,NA,TRUE,FALSE,limited lifetime warranty,1627317,Sunrise Window Coverings,1,0,2,NA,"Shutters & Blinds, Window Shutter, Hurricane Shutter, Exterior Shutter, Window Blinds, Venetian Blinds, California shutters, plantation shutters, wood shutters, metal shutters,  roller blinds, roman blinds, custom blinds, sunscreens, vertical blinds, blind, curtains, shutter, for blinds, about blinds, blinds blinds blinds, blinds, blinds blinds, blinds to, and blinds, shades, shutters, the shutters, curtains and drapes, drapes and curtains, blinds and shade, blinds shade, window treatments and, window treatments, what are window treatments, shades and blinds, blinds & shades, shades blinds, shades and blinds, shades or blinds, blinds or shades, blinds and shades, window treatment, window coverings, window blinds, window blinds for, windows and blinds, window with blinds, blinds in window, blinds and window, blinds for window, ,Shades,",0,2008-02-28T05:35:25.000-05:00,NA,FALSE,0,0,1,NA,FALSE,40c37959a190e9a8eee17e1cbdb51e838d2402db,FALSE,NA,FALSE,FALSE,1577469,-1.0,431,NA,NA
https://homestars.com/on/burlington/shutters-blinds,42,"c(""https://homestars.com/on/burlington/shutters-blinds?&page=2&"", ""https://homestars.com/on/burlington/shutters-blinds?&page=3&"", ""https://homestars.com/on/burlington/shutters-blinds?&page=4&"", ""https://homestars.com/on/burlington/shutters-blinds?&page=5&"")",Shutters & Blinds,2952330,https://www.kaydzen.ca/,/companies/2952330-kaydzen-window-fashions-interiors?searched_category_id=431&service_area=2244839,"Kaydzen™ Window Fashions are a full-service team of the finest quality window and door coverings products. We specialize in the window and glass door blinds, shades, shutters, sheers, draperies and over the period of time have expanded our operations to flooring, wallpapers, and many more ranges of home improvement products and services. We believe in providing high-quality products and services backed up by our extensive manufacturer’s warranty and comparative lowest price guarantee with the fastest delivery.",kaydzen-window-fashions-interiors,2021-01-26T09:33:01.000-05:00,NA,NA,NA,NA,NA,NA,NA,NA,NA,NA,NA,NA,NA,FALSE,FALSE,NA,NA,FALSE,FALSE,NA,2014426,Kaydzen Window Fashions & Interiors ,0,0,1,NA,"Shutters & Blinds, Window Shutter, Hurricane Shutter, Exterior Shutter, Window Blinds, Venetian Blinds, California shutters, plantation shutters, wood shutters, metal shutters,  roller blinds, roman blinds, custom blinds, sunscreens, vertical blinds, blind, curtains, shutter, for blinds, about blinds, blinds blinds blinds, blinds, blinds blinds, blinds to, and blinds, shades, shutters, the shutters, curtains and drapes, drapes and curtains, blinds and shade, blinds shade, window treatments and, window treatments, what are window treatments, shades and blinds, blinds & shades, shades blinds, shades and blinds, shades or blinds, blinds or shades, blinds and shades, window treatment, window coverings, window blinds, window blinds for, windows and blinds, window with blinds, blinds in window, blinds and window, blinds for window, ,Shades,",0,2021-01-26T09:33:20.000-05:00,NA,FALSE,0,0,1,0,FALSE,7ec693155cc5a020e7c08277eaa5aca813abddec,FALSE,NA,FALSE,FALSE,2244839,-1.0,431,NA,NA
https://homestars.com/on/burlington/shutters-blinds,42,"c(""https://homestars.com/on/burlington/shutters-blinds?&page=2&"", ""https://homestars.com/on/burlington/shutters-blinds?&page=3&"", ""https://homestars.com/on/burlington/shutters-blinds?&page=4&"", ""https://homestars.com/on/burlington/shutters-blinds?&page=5&"")",Shutters & Blinds,2902049,NA,/companies/2902049-gotcha-covered-burlington?searched_category_id=431&service_area=2133452,NA,gotcha-covered-burlington,2017-09-12T11:46:41.000-04:00,NA,NA,NA,NA,NA,NA,NA,NA,NA,NA,NA,NA,NA,FALSE,FALSE,NA,NA,FALSE,FALSE,NA,1964234,Gotcha Covered Burlington,0,0,0,NA,"Shutters & Blinds, Window Shutter, Hurricane Shutter, Exterior Shutter, Window Blinds, Venetian Blinds, California shutters, plantation shutters, wood shutters, metal shutters,  roller blinds, roman blinds, custom blinds, sunscreens, vertical blinds, blind, curtains, shutter, for blinds, about blinds, blinds blinds blinds, blinds, blinds blinds, blinds to, and blinds, shades, shutters, the shutters, curtains and drapes, drapes and curtains, blinds and shade, blinds shade, window treatments and, window treatments, what are window treatments, shades and blinds, blinds & shades, shades blinds, shades and blinds, shades or blinds, blinds or shades, blinds and shades, window treatment, window coverings, window blinds, window blinds for, windows and blinds, window with blinds, blinds in window, blinds and window, blinds for window, ,Shades,",0,2021-04-21T16:42:36.000-04:00,NA,FALSE,0,0,0,0,FALSE,5be4ad50bde09a55b38bf6a1a7da847a7ccaa534,FALSE,NA,FALSE,FALSE,2133452,-1.0,431,NA,NA
https://homestars.com/on/burlington/shutters-blinds,42,"c(""https://homestars.com/on/burlington/shutters-blinds?&page=2&"", ""https://homestars.com/on/burlington/shutters-blinds?&page=3&"", ""https://homestars.com/on/burlington/shutters-blinds?&page=4&"", ""https://homestars.com/on/burlington/shutters-blinds?&page=5&"")",Shutters & Blinds,2964842,NA,/companies/2964842-kaydzen-window-fashion-interiors?searched_category_id=431&service_area=2272675,NA,kaydzen-window-fashion-interiors,2022-02-16T21:02:52.000-05:00,NA,NA,NA,NA,NA,NA,NA,NA,NA,NA,NA,NA,NA,FALSE,FALSE,NA,NA,FALSE,FALSE,NA,2026772,Kaydzen Window Fashion & Interiors ,0,0,0,NA,"Shutters & Blinds, Window Shutter, Hurricane Shutter, Exterior Shutter, Window Blinds, Venetian Blinds, California shutters, plantation shutters, wood shutters, metal shutters,  roller blinds, roman blinds, custom blinds, sunscreens, vertical blinds, blind, curtains, shutter, for blinds, about blinds, blinds blinds blinds, blinds, blinds blinds, blinds to, and blinds, shades, shutters, the shutters, curtains and drapes, drapes and curtains, blinds and shade, blinds shade, window treatments and, window treatments, what are window treatments, shades and blinds, blinds & shades, shades blinds, shades and blinds, shades or blinds, blinds or shades, blinds and shades, window treatment, window coverings, window blinds, window blinds for, windows and blinds, window with blinds, blinds in window, blinds and window, blinds for window, ,Shades,",0,2022-02-16T21:09:04.000-05:00,NA,FALSE,0,0,3,0,FALSE,1c83e85bcbebd99ec55bb0d8798ea6168ef85a04,FALSE,NA,FALSE,FALSE,2272675,-1.0,431,NA,NA
https://homestars.com/on/burlington/shutters-blinds,42,"c(""https://homestars.com/on/burlington/shutters-blinds?&page=2&"", ""https://homestars.com/on/burlington/shutters-blinds?&page=3&"", ""https://homestars.com/on/burlington/shutters-blinds?&page=4&"", ""https://homestars.com/on/burlington/shutters-blinds?&page=5&"")",Shutters & Blinds,229638,NA,/companies/229638-west-windows-and-doors-ltd?searched_category_id=431&service_area=1803181,NA,west-windows-and-doors-ltd,2008-01-23T10:37:59.000-05:00,NA,NA,NA,NA,NA,NA,NA,0,0,NA,NA,NA,NA,FALSE,FALSE,NA,NA,FALSE,FALSE,NA,79989,West Windows and Doors Ltd,18,16,0,8.6875,"Shutters & Blinds, Window Shutter, Hurricane Shutter, Exterior Shutter, Window Blinds, Venetian Blinds, California shutters, plantation shutters, wood shutters, metal shutters,  roller blinds, roman blinds, custom blinds, sunscreens, vertical blinds, blind, curtains, shutter, for blinds, about blinds, blinds blinds blinds, blinds, blinds blinds, blinds to, and blinds, shades, shutters, the shutters, curtains and drapes, drapes and curtains, blinds and shade, blinds shade, window treatments and, window treatments, what are window treatments, shades and blinds, blinds & shades, shades blinds, shades and blinds, shades or blinds, blinds or shades, blinds and shades, window treatment, window coverings, window blinds, window blinds for, windows and blinds, window with blinds, blinds in window, blinds and window, blinds for window, ,Shades,",0,NA,NA,FALSE,0,0,0,NA,FALSE,NA,FALSE,2018-12-10T08:50:52.000-05:00,FALSE,FALSE,1803181,81.7521502476,431,NA,NA
https://homestars.com/on/burlington/shutters-blinds,42,"c(""https://homestars.com/on/burlington/shutters-blinds?&page=2&"", ""https://homestars.com/on/burlington/shutters-blinds?&page=3&"", ""https://homestars.com/on/burlington/shutters-blinds?&page=4&"", ""https://homestars.com/on/burlington/shutters-blinds?&page=5&"")",Shutters & Blinds,2567646,NA,/companies/2567646-shutters-on-the-beach?searched_category_id=431&service_area=1580850,NA,shutters-on-the-beach,2008-03-04T16:55:15.000-05:00,NA,NA,NA,NA,NA,NA,NA,NA,NA,NA,NA,NA,NA,FALSE,FALSE,NA,NA,FALSE,FALSE,NA,1630698,Shutters On The Beach,3,3,0,6.66667,"Shutters & Blinds, Window Shutter, Hurricane Shutter, Exterior Shutter, Window Blinds, Venetian Blinds, California shutters, plantation shutters, wood shutters, metal shutters,  roller blinds, roman blinds, custom blinds, sunscreens, vertical blinds, blind, curtains, shutter, for blinds, about blinds, blinds blinds blinds, blinds, blinds blinds, blinds to, and blinds, shades, shutters, the shutters, curtains and drapes, drapes and curtains, blinds and shade, blinds shade, window treatments and, window treatments, what are window treatments, shades and blinds, blinds & shades, shades blinds, shades and blinds, shades or blinds, blinds or shades, blinds and shades, window treatment, window coverings, window blinds, window blinds for, windows and blinds, window with blinds, blinds in window, blinds and window, blinds for window, ,Shades,",0,NA,NA,FALSE,0,0,0,NA,FALSE,NA,FALSE,2018-05-08T21:31:03.000-04:00,FALSE,FALSE,1580850,50.0587305498,431,NA,NA
https://homestars.com/on/burlington/shutters-blinds,42,"c(""https://homestars.com/on/burlington/shutters-blinds?&page=2&"", ""https://homestars.com/on/burlington/shutters-blinds?&page=3&"", ""https://homestars.com/on/burlington/shutters-blinds?&page=4&"", ""https://homestars.com/on/burlington/shutters-blinds?&page=5&"")",Shutters & Blinds,202664,http://www.customshuttersonline.com,/companies/202664-custom-shutter-home-products-inc?searched_category_id=431&service_area=1816504,"Interior wood shutters, built-ins trim and mouldings.",custom-shutter-home-products-inc,2006-02-21T19:00:00.000-05:00,NA,,,,,,,0,0,,,,,FALSE,FALSE,,,FALSE,FALSE,,58307,Custom Shutter & Home Products Inc,1,1,0,8,"Shutters & Blinds, Window Shutter, Hurricane Shutter, Exterior Shutter, Window Blinds, Venetian Blinds, California shutters, plantation shutters, wood shutters, metal shutters,  roller blinds, roman blinds, custom blinds, sunscreens, vertical blinds, blind, curtains, shutter, for blinds, about blinds, blinds blinds blinds, blinds, blinds blinds, blinds to, and blinds, shades, shutters, the shutters, curtains and drapes, drapes and curtains, blinds and shade, blinds shade, window treatments and, window treatments, what are window treatments, shades and blinds, blinds & shades, shades blinds, shades and blinds, shades or blinds, blinds or shades, blinds and shades, window treatment, window coverings, window blinds, window blinds for, windows and blinds, window with blinds, blinds in window, blinds and window, blinds for window, ,Shades,",0,NA,NA,FALSE,0,0,0,NA,FALSE,NA,FALSE,2006-02-20T19:00:00.000-05:00,FALSE,FALSE,1816504,0.0,431,NA,NA
https://homestars.com/on/burlington/shutters-blinds,42,"c(""https://homestars.com/on/burlington/shutters-blinds?&page=2&"", ""https://homestars.com/on/burlington/shutters-blinds?&page=3&"", ""https://homestars.com/on/burlington/shutters-blinds?&page=4&"", ""https://homestars.com/on/burlington/shutters-blinds?&page=5&"")",Shutters & Blinds,2934370,NA,/companies/2934370-covers-canada?searched_category_id=431&service_area=2204652,NA,covers-canada,2019-08-27T16:29:34.000-04:00,NA,NA,NA,NA,NA,NA,NA,NA,NA,NA,NA,NA,NA,FALSE,FALSE,NA,NA,FALSE,FALSE,NA,1996544,Covers Canada,0,0,0,NA,"Shutters & Blinds, Window Shutter, Hurricane Shutter, Exterior Shutter, Window Blinds, Venetian Blinds, California shutters, plantation shutters, wood shutters, metal shutters,  roller blinds, roman blinds, custom blinds, sunscreens, vertical blinds, blind, curtains, shutter, for blinds, about blinds, blinds blinds blinds, blinds, blinds blinds, blinds to, and blinds, shades, shutters, the shutters, curtains and drapes, drapes and curtains, blinds and shade, blinds shade, window treatments and, window treatments, what are window treatments, shades and blinds, blinds & shades, shades blinds, shades and blinds, shades or blinds, blinds or shades, blinds and shades, window treatment, window coverings, window blinds, window blinds for, windows and blinds, window with blinds, blinds in window, blinds and window, blinds for window, ,Shades,",0,NA,NA,FALSE,0,0,0,0,FALSE,NA,FALSE,NA,FALSE,FALSE,2204652,0,431,NA,NA
https://homestars.com/on/burlington/shutters-blinds,42,"c(""https://homestars.com/on/burlington/shutters-blinds?&page=2&"", ""https://homestars.com/on/burlington/shutters-blinds?&page=3&"", ""https://homestars.com/on/burlington/shutters-blinds?&page=4&"", ""https://homestars.com/on/burlington/shutters-blinds?&page=5&"")",Shutters & Blinds,2617202,NA,/companies/2617202-architectural-interiors?searched_category_id=431&service_area=1630406,NA,architectural-interiors,2008-03-04T16:55:15.000-05:00,NA,NA,NA,NA,NA,NA,NA,NA,NA,NA,NA,NA,NA,FALSE,FALSE,NA,NA,FALSE,FALSE,NA,1680254,Architectural Interiors,0,0,0,NA,"Shutters & Blinds, Window Shutter, Hurricane Shutter, Exterior Shutter, Window Blinds, Venetian Blinds, California shutters, plantation shutters, wood shutters, metal shutters,  roller blinds, roman blinds, custom blinds, sunscreens, vertical blinds, blind, curtains, shutter, for blinds, about blinds, blinds blinds blinds, blinds, blinds blinds, blinds to, and blinds, shades, shutters, the shutters, curtains and drapes, drapes and curtains, blinds and shade, blinds shade, window treatments and, window treatments, what are window treatments, shades and blinds, blinds & shades, shades blinds, shades and blinds, shades or blinds, blinds or shades, blinds and shades, window treatment, window coverings, window blinds, window blinds for, windows and blinds, window with blinds, blinds in window, blinds and window, blinds for window, ,Shades,",0,NA,NA,FALSE,0,0,0,NA,FALSE,NA,FALSE,NA,FALSE,FALSE,1630406,0,431,NA,NA
https://homestars.com/on/burlington/shutters-blinds,42,"c(""https://homestars.com/on/burlington/shutters-blinds?&page=2&"", ""https://homestars.com/on/burlington/shutters-blinds?&page=3&"", ""https://homestars.com/on/burlington/shutters-blinds?&page=4&"", ""https://homestars.com/on/burlington/shutters-blinds?&page=5&"")",Shutters & Blinds,193025,NA,/companies/193025-a-o-cleaning-service-warehouse?searched_category_id=431&service_area=1803169,NA,a-o-cleaning-service-warehouse,2008-01-23T10:21:09.000-05:00,NA,NA,NA,NA,NA,NA,NA,0,0,NA,NA,NA,NA,FALSE,FALSE,NA,NA,FALSE,FALSE,NA,50417,A & O Cleaning Service Warehouse,0,0,0,NA,"Shutters & Blinds, Window Shutter, Hurricane Shutter, Exterior Shutter, Window Blinds, Venetian Blinds, California shutters, plantation shutters, wood shutters, metal shutters,  roller blinds, roman blinds, custom blinds, sunscreens, vertical blinds, blind, curtains, shutter, for blinds, about blinds, blinds blinds blinds, blinds, blinds blinds, blinds to, and blinds, shades, shutters, the shutters, curtains and drapes, drapes and curtains, blinds and shade, blinds shade, window treatments and, window treatments, what are window treatments, shades and blinds, blinds & shades, shades blinds, shades and blinds, shades or blinds, blinds or shades, blinds and shades, window treatment, window coverings, window blinds, window blinds for, windows and blinds, window with blinds, blinds in window, blinds and window, blinds for window, ,Shades,",0,NA,NA,FALSE,0,0,0,NA,FALSE,NA,FALSE,NA,FALSE,FALSE,1803169,0,431,NA,NA
https://homestars.com/on/burlington/shutters-blinds,42,"c(""https://homestars.com/on/burlington/shutters-blinds?&page=2&"", ""https://homestars.com/on/burlington/shutters-blinds?&page=3&"", ""https://homestars.com/on/burlington/shutters-blinds?&page=4&"", ""https://homestars.com/on/burlington/shutters-blinds?&page=5&"")",Shutters & Blinds,224415,NA,/companies/224415-shutters-unlimited-inc?searched_category_id=431&service_area=1807960,NA,shutters-unlimited-inc,2008-01-23T10:35:34.000-05:00,NA,NA,NA,NA,NA,NA,NA,0,0,NA,NA,NA,NA,FALSE,FALSE,NA,NA,FALSE,FALSE,NA,75700,Shutters Unlimited Inc,0,0,0,NA,"Shutters & Blinds, Window Shutter, Hurricane Shutter, Exterior Shutter, Window Blinds, Venetian Blinds, California shutters, plantation shutters, wood shutters, metal shutters,  roller blinds, roman blinds, custom blinds, sunscreens, vertical blinds, blind, curtains, shutter, for blinds, about blinds, blinds blinds blinds, blinds, blinds blinds, blinds to, and blinds, shades, shutters, the shutters, curtains and drapes, drapes and curtains, blinds and shade, blinds shade, window treatments and, window treatments, what are window treatments, shades and blinds, blinds & shades, shades blinds, shades and blinds, shades or blinds, blinds or shades, blinds and shades, window treatment, window coverings, window blinds, window blinds for, windows and blinds, window with blinds, blinds in window, blinds and window, blinds for window, ,Shades,",0,NA,NA,FALSE,0,0,0,NA,FALSE,NA,FALSE,NA,FALSE,FALSE,1807960,0,431,NA,NA
https://homestars.com/on/burlington/shutters-blinds,42,"c(""https://homestars.com/on/burlington/shutters-blinds?&page=2&"", ""https://homestars.com/on/burlington/shutters-blinds?&page=3&"", ""https://homestars.com/on/burlington/shutters-blinds?&page=4&"", ""https://homestars.com/on/burlington/shutters-blinds?&page=5&"")",Shutters & Blinds,2567393,NA,/companies/2567393-shutters-unlimited-inc?searched_category_id=431&service_area=1580597,NA,shutters-unlimited-inc,2008-03-04T16:55:15.000-05:00,NA,NA,NA,NA,NA,NA,NA,NA,NA,NA,NA,NA,NA,FALSE,FALSE,NA,NA,FALSE,FALSE,NA,1630445,Shutters Unlimited Inc,0,0,0,NA,"Shutters & Blinds, Window Shutter, Hurricane Shutter, Exterior Shutter, Window Blinds, Venetian Blinds, California shutters, plantation shutters, wood shutters, metal shutters,  roller blinds, roman blinds, custom blinds, sunscreens, vertical blinds, blind, curtains, shutter, for blinds, about blinds, blinds blinds blinds, blinds, blinds blinds, blinds to, and blinds, shades, shutters, the shutters, curtains and drapes, drapes and curtains, blinds and shade, blinds shade, window treatments and, window treatments, what are window treatments, shades and blinds, blinds & shades, shades blinds, shades and blinds, shades or blinds, blinds or shades, blinds and shades, window treatment, window coverings, window blinds, window blinds for, windows and blinds, window with blinds, blinds in window, blinds and window, blinds for window, ,Shades,",0,NA,NA,FALSE,0,0,0,NA,FALSE,NA,FALSE,NA,FALSE,FALSE,1580597,0,431,NA,NA
https://homestars.com/on/burlington/shutters-blinds,42,"c(""https://homestars.com/on/burlington/shutters-blinds?&page=2&"", ""https://homestars.com/on/burlington/shutters-blinds?&page=3&"", ""https://homestars.com/on/burlington/shutters-blinds?&page=4&"", ""https://homestars.com/on/burlington/shutters-blinds?&page=5&"")",Shutters & Blinds,2567394,NA,/companies/2567394-desi-s-aluminum-ltd?searched_category_id=431&service_area=1580598,NA,desi-s-aluminum-ltd,2008-03-04T16:55:15.000-05:00,NA,NA,NA,NA,NA,NA,NA,NA,NA,NA,NA,NA,NA,FALSE,FALSE,NA,NA,FALSE,FALSE,NA,1630446,Desi's Aluminum Ltd,0,0,0,NA,"Shutters & Blinds, Window Shutter, Hurricane Shutter, Exterior Shutter, Window Blinds, Venetian Blinds, California shutters, plantation shutters, wood shutters, metal shutters,  roller blinds, roman blinds, custom blinds, sunscreens, vertical blinds, blind, curtains, shutter, for blinds, about blinds, blinds blinds blinds, blinds, blinds blinds, blinds to, and blinds, shades, shutters, the shutters, curtains and drapes, drapes and curtains, blinds and shade, blinds shade, window treatments and, window treatments, what are window treatments, shades and blinds, blinds & shades, shades blinds, shades and blinds, shades or blinds, blinds or shades, blinds and shades, window treatment, window coverings, window blinds, window blinds for, windows and blinds, window with blinds, blinds in window, blinds and window, blinds for window, ,Shades,",0,NA,NA,FALSE,0,0,0,NA,FALSE,NA,FALSE,NA,FALSE,FALSE,1580598,0,431,NA,NA
https://homestars.com/on/burlington/shutters-blinds,42,"c(""https://homestars.com/on/burlington/shutters-blinds?&page=2&"", ""https://homestars.com/on/burlington/shutters-blinds?&page=3&"", ""https://homestars.com/on/burlington/shutters-blinds?&page=4&"", ""https://homestars.com/on/burlington/shutters-blinds?&page=5&"")",Shutters & Blinds,2570383,NA,/companies/2570383-desi-s-aluminum-ltd?searched_category_id=431&service_area=1583587,NA,desi-s-aluminum-ltd,2008-03-04T16:55:15.000-05:00,NA,NA,NA,NA,NA,NA,NA,NA,NA,NA,NA,NA,NA,FALSE,FALSE,NA,NA,FALSE,FALSE,NA,1633435,Desi's Aluminum Ltd,0,0,0,NA,"Shutters & Blinds, Window Shutter, Hurricane Shutter, Exterior Shutter, Window Blinds, Venetian Blinds, California shutters, plantation shutters, wood shutters, metal shutters,  roller blinds, roman blinds, custom blinds, sunscreens, vertical blinds, blind, curtains, shutter, for blinds, about blinds, blinds blinds blinds, blinds, blinds blinds, blinds to, and blinds, shades, shutters, the shutters, curtains and drapes, drapes and curtains, blinds and shade, blinds shade, window treatments and, window treatments, what are window treatments, shades and blinds, blinds & shades, shades blinds, shades and blinds, shades or blinds, blinds or shades, blinds and shades, window treatment, window coverings, window blinds, window blinds for, windows and blinds, window with blinds, blinds in window, blinds and window, blinds for window, ,Shades,",0,NA,NA,FALSE,0,0,0,NA,FALSE,NA,FALSE,NA,FALSE,FALSE,1583587,0,431,NA,NA
https://homestars.com/on/burlington/shutters-blinds,42,"c(""https://homestars.com/on/burlington/shutters-blinds?&page=2&"", ""https://homestars.com/on/burlington/shutters-blinds?&page=3&"", ""https://homestars.com/on/burlington/shutters-blinds?&page=4&"", ""https://homestars.com/on/burlington/shutters-blinds?&page=5&"")",Shutters & Blinds,2757973,NA,/companies/2757973-canada-solar-control-films?searched_category_id=431&service_area=1771177,NA,canada-solar-control-films,2008-03-04T16:55:15.000-05:00,NA,NA,NA,NA,NA,NA,NA,NA,NA,NA,NA,NA,NA,FALSE,FALSE,NA,NA,FALSE,FALSE,NA,1821025,Canada Solar Control Films,0,0,0,NA,"Shutters & Blinds, Window Shutter, Hurricane Shutter, Exterior Shutter, Window Blinds, Venetian Blinds, California shutters, plantation shutters, wood shutters, metal shutters,  roller blinds, roman blinds, custom blinds, sunscreens, vertical blinds, blind, curtains, shutter, for blinds, about blinds, blinds blinds blinds, blinds, blinds blinds, blinds to, and blinds, shades, shutters, the shutters, curtains and drapes, drapes and curtains, blinds and shade, blinds shade, window treatments and, window treatments, what are window treatments, shades and blinds, blinds & shades, shades blinds, shades and blinds, shades or blinds, blinds or shades, blinds and shades, window treatment, window coverings, window blinds, window blinds for, windows and blinds, window with blinds, blinds in window, blinds and window, blinds for window, ,Shades,",0,NA,NA,FALSE,0,0,0,NA,FALSE,NA,FALSE,NA,FALSE,FALSE,1771177,0,431,NA,NA
https://homestars.com/on/burlington/shutters-blinds,42,"c(""https://homestars.com/on/burlington/shutters-blinds?&page=2&"", ""https://homestars.com/on/burlington/shutters-blinds?&page=3&"", ""https://homestars.com/on/burlington/shutters-blinds?&page=4&"", ""https://homestars.com/on/burlington/shutters-blinds?&page=5&"")",Shutters & Blinds,2570381,NA,/companies/2570381-custom-shutter-home-products-inc?searched_category_id=431&service_area=1583585,NA,custom-shutter-home-products-inc,2008-03-04T16:55:15.000-05:00,NA,NA,NA,NA,NA,NA,NA,NA,NA,NA,NA,NA,NA,FALSE,FALSE,NA,NA,FALSE,FALSE,NA,1633433,Custom Shutter & Home Products Inc,0,0,0,NA,"Shutters & Blinds, Window Shutter, Hurricane Shutter, Exterior Shutter, Window Blinds, Venetian Blinds, California shutters, plantation shutters, wood shutters, metal shutters,  roller blinds, roman blinds, custom blinds, sunscreens, vertical blinds, blind, curtains, shutter, for blinds, about blinds, blinds blinds blinds, blinds, blinds blinds, blinds to, and blinds, shades, shutters, the shutters, curtains and drapes, drapes and curtains, blinds and shade, blinds shade, window treatments and, window treatments, what are window treatments, shades and blinds, blinds & shades, shades blinds, shades and blinds, shades or blinds, blinds or shades, blinds and shades, window treatment, window coverings, window blinds, window blinds for, windows and blinds, window with blinds, blinds in window, blinds and window, blinds for window, ,Shades,",0,NA,NA,FALSE,0,0,0,NA,FALSE,NA,FALSE,NA,FALSE,FALSE,1583585,0,431,NA,NA
https://homestars.com/on/burlington/shutters-blinds,42,"c(""https://homestars.com/on/burlington/shutters-blinds?&page=2&"", ""https://homestars.com/on/burlington/shutters-blinds?&page=3&"", ""https://homestars.com/on/burlington/shutters-blinds?&page=4&"", ""https://homestars.com/on/burlington/shutters-blinds?&page=5&"")",Shutters & Blinds,2567397,NA,/companies/2567397-tx-bedding-consumer-blinds-shutters?searched_category_id=431&service_area=1580601,NA,tx-bedding-consumer-blinds-shutters,2008-03-04T16:55:15.000-05:00,NA,NA,NA,NA,NA,NA,NA,NA,NA,NA,NA,NA,NA,FALSE,FALSE,NA,NA,FALSE,FALSE,NA,1630449,TX Bedding Consumer Blinds & Shutters,0,0,0,NA,"Shutters & Blinds, Window Shutter, Hurricane Shutter, Exterior Shutter, Window Blinds, Venetian Blinds, California shutters, plantation shutters, wood shutters, metal shutters,  roller blinds, roman blinds, custom blinds, sunscreens, vertical blinds, blind, curtains, shutter, for blinds, about blinds, blinds blinds blinds, blinds, blinds blinds, blinds to, and blinds, shades, shutters, the shutters, curtains and drapes, drapes and curtains, blinds and shade, blinds shade, window treatments and, window treatments, what are window treatments, shades and blinds, blinds & shades, shades blinds, shades and blinds, shades or blinds, blinds or shades, blinds and shades, window treatment, window coverings, window blinds, window blinds for, windows and blinds, window with blinds, blinds in window, blinds and window, blinds for window, ,Shades,",0,NA,NA,FALSE,0,0,0,NA,FALSE,NA,FALSE,NA,FALSE,FALSE,1580601,0,431,NA,NA
https://homestars.com/on/burlington/shutters-blinds,42,"c(""https://homestars.com/on/burlington/shutters-blinds?&page=2&"", ""https://homestars.com/on/burlington/shutters-blinds?&page=3&"", ""https://homestars.com/on/burlington/shutters-blinds?&page=4&"", ""https://homestars.com/on/burlington/shutters-blinds?&page=5&"")",Shutters & Blinds,2570380,NA,/companies/2570380-c-a-s-custom-exterior-shutters?searched_category_id=431&service_area=1583584,NA,c-a-s-custom-exterior-shutters,2008-03-04T16:55:15.000-05:00,NA,NA,NA,NA,NA,NA,NA,NA,NA,NA,NA,NA,NA,FALSE,FALSE,NA,NA,FALSE,FALSE,NA,1633432,C.A.S Custom Exterior Shutters,1,0,0,NA,"Shutters & Blinds, Window Shutter, Hurricane Shutter, Exterior Shutter, Window Blinds, Venetian Blinds, California shutters, plantation shutters, wood shutters, metal shutters,  roller blinds, roman blinds, custom blinds, sunscreens, vertical blinds, blind, curtains, shutter, for blinds, about blinds, blinds blinds blinds, blinds, blinds blinds, blinds to, and blinds, shades, shutters, the shutters, curtains and drapes, drapes and curtains, blinds and shade, blinds shade, window treatments and, window treatments, what are window treatments, shades and blinds, blinds & shades, shades blinds, shades and blinds, shades or blinds, blinds or shades, blinds and shades, window treatment, window coverings, window blinds, window blinds for, windows and blinds, window with blinds, blinds in window, blinds and window, blinds for window, ,Shades,",0,NA,NA,FALSE,0,0,0,NA,FALSE,NA,FALSE,NA,FALSE,FALSE,1583584,0,431,NA,NA
https://homestars.com/on/burlington/shutters-blinds,42,"c(""https://homestars.com/on/burlington/shutters-blinds?&page=2&"", ""https://homestars.com/on/burlington/shutters-blinds?&page=3&"", ""https://homestars.com/on/burlington/shutters-blinds?&page=4&"", ""https://homestars.com/on/burlington/shutters-blinds?&page=5&"")",Shutters & Blinds,2570382,NA,/companies/2570382-desi-s-aluminum-ltd?searched_category_id=431&service_area=1583586,NA,desi-s-aluminum-ltd,2008-03-04T16:55:15.000-05:00,NA,NA,NA,NA,NA,NA,NA,NA,NA,NA,NA,NA,NA,FALSE,FALSE,NA,NA,FALSE,FALSE,NA,1633434,Desi's Aluminum Ltd,0,0,0,NA,"Shutters & Blinds, Window Shutter, Hurricane Shutter, Exterior Shutter, Window Blinds, Venetian Blinds, California shutters, plantation shutters, wood shutters, metal shutters,  roller blinds, roman blinds, custom blinds, sunscreens, vertical blinds, blind, curtains, shutter, for blinds, about blinds, blinds blinds blinds, blinds, blinds blinds, blinds to, and blinds, shades, shutters, the shutters, curtains and drapes, drapes and curtains, blinds and shade, blinds shade, window treatments and, window treatments, what are window treatments, shades and blinds, blinds & shades, shades blinds, shades and blinds, shades or blinds, blinds or shades, blinds and shades, window treatment, window coverings, window blinds, window blinds for, windows and blinds, window with blinds, blinds in window, blinds and window, blinds for window, ,Shades,",0,NA,NA,FALSE,0,0,0,NA,FALSE,NA,FALSE,NA,FALSE,FALSE,1583586,0,431,NA,NA
https://homestars.com/on/burlington/shutters-blinds,42,"c(""https://homestars.com/on/burlington/shutters-blinds?&page=2&"", ""https://homestars.com/on/burlington/shutters-blinds?&page=3&"", ""https://homestars.com/on/burlington/shutters-blinds?&page=4&"", ""https://homestars.com/on/burlington/shutters-blinds?&page=5&"")",Shutters & Blinds,2595017,NA,/companies/2595017-camelot-drapery-2000-ltd?searched_category_id=431&service_area=1608221,NA,camelot-drapery-2000-ltd,2008-03-04T16:55:15.000-05:00,NA,NA,NA,NA,NA,NA,NA,NA,NA,NA,NA,NA,NA,FALSE,FALSE,NA,NA,FALSE,FALSE,NA,1658069,Camelot Drapery (2000) Ltd,0,0,0,NA,"Shutters & Blinds, Window Shutter, Hurricane Shutter, Exterior Shutter, Window Blinds, Venetian Blinds, California shutters, plantation shutters, wood shutters, metal shutters,  roller blinds, roman blinds, custom blinds, sunscreens, vertical blinds, blind, curtains, shutter, for blinds, about blinds, blinds blinds blinds, blinds, blinds blinds, blinds to, and blinds, shades, shutters, the shutters, curtains and drapes, drapes and curtains, blinds and shade, blinds shade, window treatments and, window treatments, what are window treatments, shades and blinds, blinds & shades, shades blinds, shades and blinds, shades or blinds, blinds or shades, blinds and shades, window treatment, window coverings, window blinds, window blinds for, windows and blinds, window with blinds, blinds in window, blinds and window, blinds for window, ,Shades,",0,NA,NA,FALSE,0,0,0,NA,FALSE,NA,FALSE,NA,FALSE,FALSE,1608221,0,431,NA,NA
