Link,n_hits,all_links,category,id,url,hs_path,profile,permalink,created_at,sic_code,service_area,hours,products,services,brands,specialities,established,employee_cnt,payment_method,diplomas,licenses,memberships,liability_insurance,bonded,project_rate,project_minimum,written_contract,written_warranty,warranty_terms,parent_company_id,name,total_number_of_reviews_cache,total_number_of_approved_reviews_cache,number_of_photos_cache,avg_rating_cache,categories_info_cache,savings_count,claimed_at,fraudulent,fraudulent_count,total_number_of_pending_reviews_cache,images_count,bully,secret,replied_to_at_least_one_review_cache,has_set_tasks,lead_purchase_eligible,service_area_id,star_score,quote_button_category,direct_phone,direct_contact
https://homestars.com/on/pine-ridge/game-rooms-entertainment,3,https://homestars.com/on/pine-ridge/game-rooms-entertainment,"Game Rooms, Entertainment",2792106,NA,/companies/2792106-only-essential?searched_category_id=367&service_area=1852145,"our website: http://www.onlyessentials.com/

Your need to survive can be due to bad weather, a 
natural disaster or just the challenge of heading
out into the wilderness. When you are faced with 
nature, you need the highest quality survival gear
you can find that is specific to your needs and 
the environment you live in.

",only-essential,2011-10-20T14:04:56.000-04:00,NA,,,NA,NA,NA,NA,NA,NA,NA,NA,NA,NA,FALSE,FALSE,NA,NA,FALSE,FALSE,NA,1855158,Only Essential,0,0,0,NA,"Game Rooms, Entertainment, Video Game, Kid Game, Computer Game, Card Game, Board Game, Word Game, Party Game, Entertainment Center, Home Entertainment, Home Theater, Home Theater System, billiards pool, pool table, the room escape, pool tables, rooms escape, furniture entertainment, pool room tables, space pool table, oak entertainment, play room escape, escape the living room, living room escape, living area furniture, board games, entertainment tables, easy room escape, fun games, entertainment room ideas, home entertainment centre, pool room furniture, spa room escape, billiards room furniture, small entertainment room, fun game, ,",0,2011-10-20T14:04:58.000-04:00,FALSE,0,0,0,FALSE,e32d6c25dd2326ad61783ebc6d229e1dc7ef0a58,FALSE,FALSE,FALSE,1852145,-1.0,367,NA,NA
https://homestars.com/on/pine-ridge/game-rooms-entertainment,3,https://homestars.com/on/pine-ridge/game-rooms-entertainment,"Game Rooms, Entertainment",202784,,/companies/202784-d-c-amusements-inc?searched_category_id=367&service_area=1813569,NA,d-c-amusements-inc,2008-01-23T10:25:39.000-05:00,NA,,NA,,,,,0,0,NA,NA,NA,NA,FALSE,FALSE,NA,,FALSE,FALSE,NA,58406,D C Amusements Inc,0,0,0,NA,"Game Rooms, Entertainment, Video Game, Kid Game, Computer Game, Card Game, Board Game, Word Game, Party Game, Entertainment Center, Home Entertainment, Home Theater, Home Theater System, billiards pool, pool table, the room escape, pool tables, rooms escape, furniture entertainment, pool room tables, space pool table, oak entertainment, play room escape, escape the living room, living room escape, living area furniture, board games, entertainment tables, easy room escape, fun games, entertainment room ideas, home entertainment centre, pool room furniture, spa room escape, billiards room furniture, small entertainment room, fun game, ,",0,NA,FALSE,0,0,0,FALSE,NA,FALSE,FALSE,FALSE,1813569,-1.0,367,NA,NA
https://homestars.com/on/pine-ridge/game-rooms-entertainment,3,https://homestars.com/on/pine-ridge/game-rooms-entertainment,"Game Rooms, Entertainment",198097,NA,/companies/198097-bob-terry-games-inc?searched_category_id=367&service_area=1796569,NA,bob-terry-games-inc,2008-01-23T10:23:31.000-05:00,NA,NA,NA,NA,NA,NA,NA,0,0,NA,NA,NA,NA,FALSE,FALSE,NA,NA,FALSE,FALSE,NA,54676,Bob Terry Games Inc,0,0,0,NA,"Game Rooms, Entertainment, Video Game, Kid Game, Computer Game, Card Game, Board Game, Word Game, Party Game, Entertainment Center, Home Entertainment, Home Theater, Home Theater System, billiards pool, pool table, the room escape, pool tables, rooms escape, furniture entertainment, pool room tables, space pool table, oak entertainment, play room escape, escape the living room, living room escape, living area furniture, board games, entertainment tables, easy room escape, fun games, entertainment room ideas, home entertainment centre, pool room furniture, spa room escape, billiards room furniture, small entertainment room, fun game, ,",0,NA,FALSE,0,0,0,FALSE,NA,FALSE,FALSE,FALSE,1796569,-1.0,367,NA,NA
