Link,n_hits,all_links,category,id,url,hs_path,profile,permalink,created_at,sic_code,service_area,hours,products,services,brands,specialities,established,employee_cnt,payment_method,diplomas,licenses,memberships,liability_insurance,bonded,project_rate,project_minimum,written_contract,written_warranty,warranty_terms,parent_company_id,name,total_number_of_reviews_cache,total_number_of_approved_reviews_cache,number_of_photos_cache,avg_rating_cache,categories_info_cache,savings_count,claimed_at,subdomain,fraudulent,fraudulent_count,total_number_of_pending_reviews_cache,images_count,completion_percent_cache,bully,secret,replied_to_at_least_one_review_cache,latest_approved_review_created_at,has_set_tasks,lead_purchase_eligible,service_area_id,star_score,quote_button_category,direct_phone,direct_contact
https://homestars.com/on/elmvale/home-theater,1,https://homestars.com/on/elmvale/home-theater,Home Theater,2780177,http://www.DeluxeAlarms.com,/companies/2780177-deluxe-alarms?searched_category_id=382&service_area=2058564,"Deluxe Alarms provides the best in home alarm systems to protect your home, family and loved ones.  With over a decade of know-how, we are the business families in the greater Toronto and surround areas have trusted for years to keep their homes and families protected. Never worry about your safety when you can have peace of mind delivered with Deluxe Alarms home security. When it comes to your home alarm, you can count on Deluxe Alarms to provide complete 24/7 safety.

Built into our service is the latest in home monitoring systems. We include emergency notification for your home with a fast response time for any kind of emergency from a prowler in your house to an unanticipated flood while you are away from home. 

Our home security alarm systems may also provide peace of mind with our special medical alert system. If you or a loved one is home alone with a health condition or at an age where the ability to call for help could be critical, we can help. This state of the art medical assistance system can aid anyone recovering from illness or facing lost mobility from aging to stay independent but always within reach of medical assistance. It can mean being able to enjoy life to the fullest and still have help available in an instant when needed.

Deluxe Alarms can create the right security package for your home. We offer complete home wiring packages, cell phone connections that allow you to monitor your homes safety from a distance (smart home monitoring), and security certificates that will bring your home insurance down and a wireless security system that works independent of the power grid to keep your home secure even in blackout conditions. We can deliver a home alarm security system for the best security money can buy at an affordable price only from Deluxe Alarms.  
",deluxe-alarms,2010-07-16T14:16:36.000-04:00,NA,"GTA, Vaughan, Toronto, Bradford, Kingston, Newmarket, Brooklyn, Ajax, Pickering, Caledon, Vaughan, Georgetown, Brampton, Milton, Halton Hills, Mississauga, Woodbridge, Oakville, Burlington and more.",,Home and Business Alarm Systems,,,,NA,NA,,,,,TRUE,TRUE,,,TRUE,FALSE,,1843229,Deluxe Alarms,809,654,5,9.29205,"Alarm Systems, Home Alarm Systems, Alarm System Monitoring, Fire Alarm Systems, Home Security Systems, The Alarm, At Home Security, Home Security, Security Systems, Alarm Security, Security Alarm, Security Cameras, Security Company, Security Companies, Home alarm, Alarm home, Alarm security, House security, house alarm, burglar alarm, carbon monoxide, carbon monoxide alarms, business cameras, commercial surveillance systems, surveillance, commercial security cameras, commercial security camera,,Home Automation, Home Automation System, Wireless Home Automation, Home Automation Software, Smart Homes, wire, x10, home theatre, home security security, in home security, home security home, at home security, home security, home home security, control 4, wireless home, light control, the smart home, smart home, a smart home, home smart home, in home security systems, home security systems, security systems home, security systems for home, security systems for the home, home security system, security system home, home system security, security home system, security system for home, in home security system, house of security, in home automation, automation home, about home automation, what is home automation, how to home automation, home automation how to, automation for home, smart house, crestron, automation house, house automation, house of automation, smart homes, automation system, homeautomation, i home remote, remote home, TV Install, TV Wall Mounting, Ceiling Speaker Automation, Ceiling Speaking Installation,Home Theater, Home Theatre System, Home Theatre Projector, Home Theatre Seating, Audio System, electronics, flat panel screen TV stereo, plasma, LCD, home theater how to, home theater home theater, home theatre, theatre home, home cinema, home theater system, home theatre system, surround sound, home theaters, home theaters system, home theater systems, home theatre systems, home theater 5.1, 5.1 home theater, home movie theater, in home movie theater, surround sound systems, samsung home theater, home theater samsung, home theater speaker, home theater lg, lg home theater, home theater best, best home theater, home theater wireless, wireless home theater, surround sound speakers, home theater blu ray, home theater with bly ray, bly ray home theater, speakers for home theater, home theater speakers, speakers home theater, philips home theater, 5.1 home theater system, home theater system 5.1, dvd home theater, bluray home theater, home theatre samsung, home audio systems, home theater receiver, receiver home theater, home theater review, home sounds systems, home theater price, home theater reviews, projectors home theater, antenna, antennas, home theatre, home theater, TV Install, TV Wall Mounting, Ceiling Speaker Automation,
Ceiling Speaking Installation,",0,2011-11-30T15:22:18.000-05:00,deluxealarms,FALSE,0,0,7,100,FALSE,c37cb2e86c85ca1d639b23cdb893eeb876ce95c2,FALSE,2022-05-24T11:20:08.000-04:00,TRUE,TRUE,2058564,81.0635018442,382,NA,NA
