Link,n_hits,all_links,category,id,url,hs_path,profile,permalink,created_at,sic_code,service_area,hours,products,services,brands,specialities,established,employee_cnt,payment_method,diplomas,licenses,memberships,liability_insurance,bonded,project_rate,project_minimum,written_contract,written_warranty,warranty_terms,parent_company_id,name,total_number_of_reviews_cache,total_number_of_approved_reviews_cache,number_of_photos_cache,avg_rating_cache,categories_info_cache,savings_count,claimed_at,subdomain,fraudulent,fraudulent_count,total_number_of_pending_reviews_cache,images_count,completion_percent_cache,bully,secret,replied_to_at_least_one_review_cache,latest_approved_review_created_at,has_set_tasks,lead_purchase_eligible,service_area_id,star_score,quote_button_category,direct_phone,direct_contact
https://homestars.com/on/floradale/closet-storage-solutions,3,https://homestars.com/on/floradale/closet-storage-solutions,Closet & Storage Solutions,2915120,http://www.systematicspaces.ca,/companies/2915120-systematic-spaces?searched_category_id=334&service_area=2161228,"Systematic Spaces is an expert in designing and building organizational systems that turn pain & frustration into enjoyment and love.  

Our Systematic Solutions include:

Drawer Solutions - tailor made solutions for existing cabinets.  We work with you to create tailored designs, then manufacture everything made-to-measure, then our craftsman do the installations.  Our Drawer Solutions include drawers, corner solutions, and accessories that all come together to improve access, organization, and storage.

Closet Solutions - custom designed closet solutions that help keep everything in its place and accessible.  Start your day off right with a Systematic Closet Solution.

Built-In Solutions - custom cabinetry solutions that create that built-in, quality look that is so appealing.

We use state of the art, modern CAD systems in our designs to ensure that your solution has the best fit possible.  Quality during manufacturing and installation is paramount, our customers can attest to our high standard of quality.

If you're serious about getting Organized for Life, give us a call for your free consultation.  

",systematic-spaces,2018-04-23T16:17:14.000-04:00,NA,NA,NA,"Drawer Solutions, Closet Solutions, Custom Built-Ins, laundry, garage","drawer retrofits, custom built-in, design, build, custom wood product manufacturing, building",,"drawer, pullouts, closets, built-ins, garage, laundry rooms",2013,2,"Cheque, E-Transfer",Mechanical Engineering Technology,,"CET, BBB, PMP",TRUE,FALSE,,"$1,000",TRUE,FALSE,Lifetime Warranty on Select Products,1977304,Systematic Spaces,22,18,92,9.94444,"Cabinetry & Millwork, Kitchen Cabinetry, Custom Cabinetry, Bathroom Cabinetry, Architectural Millwork, Millwork, custom millwork, bathroom cabinets, Kitchen cabinets, built-in cabinets, built-in cabinetry,  cabinet makers, custom cabinets kitchen, cabinetry, thomasville kitchen cabinets, cabinet doors, millwork cabinetry, custom kitchen cabinets, kraftmaid cabinets, maple cabinets, wood cabinets, stock cabinets, thermofoil cabinets, laminate cabinets, kitchen cabinets design, cherry cabinets, kitchen cabinet designs, hickory cabinets, wholesale cabinets, custom made cabinets, cabinet millwork, cabinets kitchen, kitchen cabinetry, millwork cabinets, ready to assemble cabinets, quality cabinets, bamboo cabinets, caulking,
,Closet & Storage Solutions, Closets, Closet, Storage, Closet Organizer, Closet And Room Organizer, Storage Cabinet, Storage Container, Interior closet shelves, custom fitted interior closets, custom closets, interior closet organizer, shelving, built-in shelving, built-in shelves, storage, the container, the closet, a closet, closet and, closet closet, closet to closet, closet, shelves, wardrobe, the closets, shelving, wardrobes, pantry, storage boxes, container store, storage containers, storage and containers, shoe rack, storage bins, storage systems, shoe racks, storage cabinets, storage cabinet, food storage, wall shelves, solutions storage, storage solutions, clothes rack, closet and organizer, the closet organizer, organizer for closet, closet organizer, closet organizers, organizers closet, wardrobe closet, Custom Shelves, ,",0,2018-04-23T16:17:39.000-04:00,,FALSE,0,0,57,0,FALSE,2b5acdd9906679b4a55d7c1b79fc484f223e9bfa,TRUE,2018-12-30T12:04:50.000-05:00,TRUE,TRUE,2161228,92.9746044905,334,NA,NA
https://homestars.com/on/floradale/closet-storage-solutions,3,https://homestars.com/on/floradale/closet-storage-solutions,Closet & Storage Solutions,230894,NA,/companies/230894-shelf-shop?searched_category_id=334&service_area=1800556,NA,shelf-shop,2008-01-23T10:38:34.000-05:00,NA,NA,NA,NA,NA,NA,NA,0,0,NA,NA,NA,NA,FALSE,FALSE,NA,NA,FALSE,FALSE,NA,80976,Shelf Shop,0,0,0,NA,"Closet & Storage Solutions, Closets, Closet, Storage, Closet Organizer, Closet And Room Organizer, Storage Cabinet, Storage Container, Interior closet shelves, custom fitted interior closets, custom closets, interior closet organizer, shelving, built-in shelving, built-in shelves, storage, the container, the closet, a closet, closet and, closet closet, closet to closet, closet, shelves, wardrobe, the closets, shelving, wardrobes, pantry, storage boxes, container store, storage containers, storage and containers, shoe rack, storage bins, storage systems, shoe racks, storage cabinets, storage cabinet, food storage, wall shelves, solutions storage, storage solutions, clothes rack, closet and organizer, the closet organizer, organizer for closet, closet organizer, closet organizers, organizers closet, wardrobe closet, Custom Shelves, ,",0,NA,NA,FALSE,0,0,0,NA,FALSE,NA,FALSE,NA,FALSE,FALSE,1800556,-1.0,334,NA,NA
https://homestars.com/on/floradale/closet-storage-solutions,3,https://homestars.com/on/floradale/closet-storage-solutions,Closet & Storage Solutions,2590581,NA,/companies/2590581-shelf-shop?searched_category_id=334&service_area=1603785,NA,shelf-shop,2008-03-04T16:55:15.000-05:00,NA,NA,NA,NA,NA,NA,NA,NA,NA,NA,NA,NA,NA,FALSE,FALSE,NA,NA,FALSE,FALSE,NA,1653633,Shelf Shop,0,0,0,NA,"Closet & Storage Solutions, Closets, Closet, Storage, Closet Organizer, Closet And Room Organizer, Storage Cabinet, Storage Container, Interior closet shelves, custom fitted interior closets, custom closets, interior closet organizer, shelving, built-in shelving, built-in shelves, storage, the container, the closet, a closet, closet and, closet closet, closet to closet, closet, shelves, wardrobe, the closets, shelving, wardrobes, pantry, storage boxes, container store, storage containers, storage and containers, shoe rack, storage bins, storage systems, shoe racks, storage cabinets, storage cabinet, food storage, wall shelves, solutions storage, storage solutions, clothes rack, closet and organizer, the closet organizer, organizer for closet, closet organizer, closet organizers, organizers closet, wardrobe closet, Custom Shelves, ,",0,NA,NA,FALSE,0,0,0,NA,FALSE,NA,FALSE,NA,FALSE,FALSE,1603785,-1.0,334,NA,NA
