Link,n_hits,all_links,category,id,url,hs_path,profile,permalink,created_at,sic_code,service_area,hours,products,services,brands,specialities,established,employee_cnt,payment_method,diplomas,licenses,memberships,liability_insurance,bonded,project_rate,project_minimum,written_contract,written_warranty,warranty_terms,parent_company_id,name,total_number_of_reviews_cache,total_number_of_approved_reviews_cache,number_of_photos_cache,avg_rating_cache,categories_info_cache,savings_count,claimed_at,subdomain,fraudulent,fraudulent_count,total_number_of_pending_reviews_cache,images_count,completion_percent_cache,bully,secret,replied_to_at_least_one_review_cache,latest_approved_review_created_at,has_set_tasks,lead_purchase_eligible,service_area_id,star_score,quote_button_category,direct_phone,direct_contact
https://homestars.com/on/paris/appliance-repair,5,https://homestars.com/on/paris/appliance-repair,Appliance Repair,2933870,https://fixify.ca/,/companies/2933870-fixify-appliance-repair?searched_category_id=306&service_area=2273618,"FIXIFY APPLIANCE REPAIR 
London Area ◆ Brantford-Woodstock Area ◆ Hamilton Area ◆ Kitchener Area ◆ Greater Toronto Area

PROFESSIONAL APPLIANCE REPAIR & INSTALLATION Services $50 off on your First Repair
REPAIR ANY APPLIANCE FOR $190 IN ANY SERVICE AREA ! 
CALL NOW!!! (416)-857-3925 FOR SAME DAY SERVICE !
WARRANTY UP TO 6 MONTH 

FREE SERVICE CALL WITH ANY REPAIR! 
We do any appliance repair:
- WASHER and DRYER Repair
- - WASHER and DRYER Installation
- Dishwasher Repair
- - Dishwasher Installation
- Fridge, Freezer, Refrigerator Repair
- - Fridge, Freezer, Refrigerator Installation
- Stove, Range, Cooktop, Wall oven, Oven Repair
- - Stove, Range, Cooktop, Wall oven, Oven Installation
- Range Hood Repair
- - Range Hood Installation
- Microwave, OTR Installation
- - Microwave OTR Repair
- Ventilation routing
- - Gas Appliances Repair
- Gas Appliances Installation
- - Commercial Appliances Repair
- Commercial Appliances Installation

Brands we repair: 
-AEG
- Amana
- - Beaumark
- Blomberg
- - Bosch
- Dacor
- - Electrolux
- Fisher & Paykel
- - Frigidaire
- Gaggenau
- - GE
- Inglis
- - Insignia
- Jenn-Air
- - Kenmore
- Kitchenaid
- - LG
- Magic Chef
- - Maytag
- Meile
- - Moffat
- Roper
- - Samsung
- Sub Zero
- - Thermador
- Viking
- - Westinghouse
- Whirlpool
- - Wolf
- Hotpoint
- - Miele
- Tappan
- - Danby
- Haier
- - Ariston
- White Westinghouse
- - Other
- Porter Charles
- - Fulgar and Milano
- Ikea
- - Asko
- Daewoo

SAME DAY FAST AND RELIABLE SERVICE! WE WORK LATE HOURS!

INSURED, CERTIFIED, LICENSE and HIGHLY PROFESSIONAL!

Service Areas:
London,  Ingersoll , Woodstock, Brantford
Kitchener, Waterloo, Cambridge, Hamilton, Guelph ,Burlington, Milton, Oakville, Mississauga and Toronto.

Read Our Great Reviews On Home Stars!
https://homestars.com/companies/2933870-fixify-appliance-repair/

Please Call @ 416.857.3925 to book an appointment or enquiry��Web:
https://fixifyappliancerepair.ca/

Like & Share our Facebook page: 
https://m.facebook.com/fixify1/

Thank you for Visiting FIXIFY! 
------------------------------------
 -  صيانة الأجهزة المنزلية 
خبراء فنيون تصليح وتركيب اجهزة كهربائية منزلية في المنازل بنفس اليوم وبأفضل الأسعار في مناطق تورونتو -ميسيساغا-هاميلتون-كتشنر-وودستوك-لندن 

خصم 50$ على الأجور صيانة /صيانة اي اجهزة منزلية ب 190$ اتصل الأن
 ضمان يصل ل 6 اشهر على القطع والصيانة وبكفالة

 خدماتنا: 
• تصليح غسالات تورونتو -ميسيساغا-هاميلتون-كتشنر
-وودستوك-لندن 
•  تصليح ثلاجات/فريزرات  تورونتو -ميسيساغا-هاميلتون-كتشنر-وودستوك-لندن
•  • تصليح أفران الغاز/الكهرباء 
• • • تصليح نشافات الغاز/ والكهرباء  تورونتو ميسيساغا هاميلتون كتشنر وودستوك لندن

• تصليح جلايات الصحون  تورونتو ميسيساغا هاميلتون كتشنر وودستوك لندن

• • •تصليح مكرويفات  تورونتو ميسيساغا هاميلتون كتشنر وودستوك لندن

• تصليح شفاطات تورونتو ميسيساغا هاميلتون كتشنر وودستوك لندن

تصليح أجهزة كهربائية اونتاريو كندا تورونتو ميسيساغا هاميلتون كتشنر وودستوك لندن

تصليح أجهزة منزلية اونتاريو كندا تورونتو ميسيساغا هاميلتون كتشنر وودستوك لندن

تركيب أجهزة منزلية اونتاريو كندا تورونتو ميسيساغا هاميلتون كتشنر وودستوك لندن

صيانة أجهزة منزلية تورونتو ميسيساغا هاميلتون كتشنر وودستوك لندن

  نسعد بخدمتكم ع مدار الساعة مع ايام الويكند والعطل الرسمية يوميا 10 صباحا ل 10 مساء 
للاستفسار ولحجز فني صيانة الرجاء الاتصال
 (416)857-3925 
خدمة طوارئ 24 ساعة
",fixify-appliance-repair,2019-08-09T10:04:09.000-04:00,NA,NA,NA,"WASHER and DRYER Repair
- - WASHER and DRYER Installation
- Dishwasher Repair
- - Dishwasher Installation
- Fridge, Freezer, Refrigerator Repair
- - Fridge, Freezer, Refrigerator Installation
- Stove, Range, Cooktop, Wall oven, Oven Repair
- - Stove, Range, Cooktop, Wall oven, Oven Installation
- Range Hood Repair
- - Range Hood Installation
- Microwave, OTR Installation
- - Microwave OTR Repair
- Ventilation routing
- - Gas Appliances Repair
- Gas Appliances Installation
- - Commercial Appliances Repair
- Commercial Appliances Installation
","Service Areas:
London,  Ingersoll , Woodstock, Brantford
Kitchener, Waterloo, Cambridge, Hamilton, Guelph ,Burlington, Milton, Oakville, Mississauga and Toronto.","-AEG
- Amana
- - Beaumark
- Blomberg
- - Bosch
- Dacor
- - Electrolux
- Fisher & Paykel
- - Frigidaire
- Gaggenau
- - GE
- Inglis
- - Insignia
- Jenn-Air
- - Kenmore
- Kitchenaid
- - LG
- Magic Chef
- - Maytag
- Meile
- - Moffat
- Roper
- - Samsung
- Sub Zero
- - Thermador
- Viking
- - Westinghouse
- Whirlpool
- - Wolf
- Hotpoint
- - Miele
- Tappan
- - Danby
- Haier
- - Ariston
- White Westinghouse
- - Other
- Porter Charles
- - Fulgar and Milano
- Ikea
- - Asko
- Daewoo
",,NA,NA,e-transfer or (Pay-Less) with cash - Visa - Master,,Our team is Licensed,,TRUE,TRUE,,,TRUE,FALSE,Up to 6 month,1996044,Fixify Appliance Repair,248,209,47,9.2823,"Appliance Repair, Appliance Repair Service, Appliance Repair Parts, Appliance Repair Manuals, Fridge Repair, Stove Repair, Oven Repair, Washer Repair, Dryer Repair, Microwave Repair, appliance repair, appliance parts, refrigerator repair, refrigerator parts, dishwasher repair, dishwasher parts, washing machine repair, washing machine parts, washer parts, dryer parts, dryer repair, stove repair, stove parts, water heater repair, appliance parts and repair, appliance parts, appliance installation, wrench, ,",0,2019-08-09T10:04:58.000-04:00,,FALSE,0,0,72,0,FALSE,a05bb0e215b5743f3b2eea8bbaf72eaf94ba5802,TRUE,2022-08-17T16:46:09.000-04:00,TRUE,TRUE,2273618,82.3350296088,306,NA,NA
https://homestars.com/on/paris/appliance-repair,5,https://homestars.com/on/paris/appliance-repair,Appliance Repair,2943672,https://pegasusappliancerepair.ca/,/companies/2943672-pegasus-appliance-repair?searched_category_id=306&service_area=2228831,"Pegasus Appliance Repair is a locally owned Hamilton area appliance repair company that’s here to help you when you need us most.

Our number one objective is getting your appliances fixed as quickly and as affordably as possible so that you can go back to living your life.

We are here to help throughout the COVID-19 health crisis. 
Pegasus Appliance Repair remains available for service calls across the 7 days a week across the Greater Hamilton region.
Your safety is our top priority, so we continue to follow provincial health guidelines. 
When we arrive at your home, we'll practice physical distancing, wash our hands on arrival, and disinfect any surfaces we touch. 
We wish everyone nothing but the best health.
(289) 812-8120",pegasus-appliance-repair,2020-05-20T21:51:19.000-04:00,NA,NA,NA,,"Fridge Repair, Washer Repair, Dryer Repair, Dishwasher Repair, Stove Repair, Oven Repair, Microwave Repair, Dishwasher Installation","Admiral, AEG, Amana, Ariston, Bertazzoni, Bloomberg, Bosch, Dacor, Danby, Fisher & Paykel, Frigidaire, GAGGENAU, GE, Haier, Hardwick, Hotpoint, Huebsch, Inglis, Jenn-Air
Kelvinator, Kenmore, KitchenAid, LG, Magic, Chef, Maytag, Miele, Moffat, Norge, Roper, Samsung, Speed Queen, Sub-Zero Thermador, Viking, Westinghouse, Whirlpool, Wolf",,2014,NA,"Cash, Check, E-transfer",,Fully Licensed,,TRUE,FALSE,,,FALSE,FALSE,,2005825,Pegasus Appliance Repair,91,88,10,9.56818,"Appliance Repair, Appliance Repair Service, Appliance Repair Parts, Appliance Repair Manuals, Fridge Repair, Stove Repair, Oven Repair, Washer Repair, Dryer Repair, Microwave Repair, appliance repair, appliance parts, refrigerator repair, refrigerator parts, dishwasher repair, dishwasher parts, washing machine repair, washing machine parts, washer parts, dryer parts, dryer repair, stove repair, stove parts, water heater repair, appliance parts and repair, appliance parts, appliance installation, wrench, ,",0,2020-05-20T21:52:17.000-04:00,,FALSE,0,0,15,0,FALSE,e8ab2ae755fa16f2b4d4cbe7333bf85b652e3ebc,TRUE,2022-11-18T18:13:22.000-05:00,TRUE,TRUE,2228831,94.3162775834,306,NA,NA
https://homestars.com/on/paris/appliance-repair,5,https://homestars.com/on/paris/appliance-repair,Appliance Repair,2866185,NA,/companies/2866185-lindsay-dayman-appliance-service?searched_category_id=306&service_area=2015161,NA,lindsay-dayman-appliance-service,2015-02-14T16:33:36.000-05:00,NA,NA,NA,NA,NA,NA,NA,NA,NA,NA,NA,NA,NA,FALSE,FALSE,NA,NA,FALSE,FALSE,NA,1928610,Lindsay Dayman Appliance Service,0,0,0,NA,"Appliance Repair, Appliance Repair Service, Appliance Repair Parts, Appliance Repair Manuals, Fridge Repair, Stove Repair, Oven Repair, Washer Repair, Dryer Repair, Microwave Repair, appliance repair, appliance parts, refrigerator repair, refrigerator parts, dishwasher repair, dishwasher parts, washing machine repair, washing machine parts, washer parts, dryer parts, dryer repair, stove repair, stove parts, water heater repair, appliance parts and repair, appliance parts, appliance installation, wrench, ,",0,NA,NA,FALSE,0,0,0,0,FALSE,627e35665968ca0883587fc822798424844787fd,FALSE,NA,FALSE,FALSE,2015161,0,306,NA,NA
https://homestars.com/on/paris/appliance-repair,5,https://homestars.com/on/paris/appliance-repair,Appliance Repair,2614933,NA,/companies/2614933-brian-s-appliance-service?searched_category_id=306&service_area=1628137,NA,brian-s-appliance-service,2008-03-04T16:55:15.000-05:00,NA,NA,NA,NA,NA,NA,NA,NA,NA,NA,NA,NA,NA,FALSE,FALSE,NA,NA,FALSE,FALSE,NA,1677985,Brian's Appliance Service,2,2,0,10,"Appliance Repair, Appliance Repair Service, Appliance Repair Parts, Appliance Repair Manuals, Fridge Repair, Stove Repair, Oven Repair, Washer Repair, Dryer Repair, Microwave Repair, appliance repair, appliance parts, refrigerator repair, refrigerator parts, dishwasher repair, dishwasher parts, washing machine repair, washing machine parts, washer parts, dryer parts, dryer repair, stove repair, stove parts, water heater repair, appliance parts and repair, appliance parts, appliance installation, wrench, ,",0,NA,NA,FALSE,0,0,0,NA,FALSE,NA,FALSE,2016-09-02T11:08:32.000-04:00,FALSE,FALSE,1628137,70.2888170919,306,NA,NA
https://homestars.com/on/paris/appliance-repair,5,https://homestars.com/on/paris/appliance-repair,Appliance Repair,2595432,NA,/companies/2595432-action-appliance-repair?searched_category_id=306&service_area=1608636,NA,action-appliance-repair,2008-03-04T16:55:15.000-05:00,NA,NA,NA,NA,NA,NA,NA,NA,NA,NA,NA,NA,NA,FALSE,FALSE,NA,NA,FALSE,FALSE,NA,1658484,Action Appliance Repair,1,0,0,NA,"Appliance Repair, Appliance Repair Service, Appliance Repair Parts, Appliance Repair Manuals, Fridge Repair, Stove Repair, Oven Repair, Washer Repair, Dryer Repair, Microwave Repair, appliance repair, appliance parts, refrigerator repair, refrigerator parts, dishwasher repair, dishwasher parts, washing machine repair, washing machine parts, washer parts, dryer parts, dryer repair, stove repair, stove parts, water heater repair, appliance parts and repair, appliance parts, appliance installation, wrench, ,",0,NA,NA,FALSE,0,0,0,NA,FALSE,NA,FALSE,NA,FALSE,FALSE,1608636,0,306,NA,NA
