City,Category,Link,page_status,status_code,update_time
painesville,Basement Renovation,https://homestars.com/on/painesville/basement-renovation,"{""category"":""Client error"",""reason"":""Not Found"",""message"":""Client error: (404) Not Found""}",,2022-11-16T00:23:20Z
painesville,Bathroom Renovation,https://homestars.com/on/painesville/bathroom-renovation,"{""category"":""Client error"",""reason"":""Not Found"",""message"":""Client error: (404) Not Found""}",,2022-11-16T00:23:20Z
painesville,Condominium Renovations,https://homestars.com/on/painesville/condominium-renovations,"{""category"":""Client error"",""reason"":""Not Found"",""message"":""Client error: (404) Not Found""}",,2022-11-16T00:23:20Z
painesville,Decks,https://homestars.com/on/painesville/patios-decks,"{""category"":""Client error"",""reason"":""Not Found"",""message"":""Client error: (404) Not Found""}",,2022-11-16T00:23:20Z
painesville,Demolition,https://homestars.com/on/painesville/demolition,"{""category"":""Client error"",""reason"":""Not Found"",""message"":""Client error: (404) Not Found""}",,2022-11-16T00:23:20Z
painesville,"Elevators, Lifts & Ramps Installation & Service",https://homestars.com/on/painesville/elevators-lifts-ramps,"{""category"":""Client error"",""reason"":""Not Found"",""message"":""Client error: (404) Not Found""}",,2022-11-16T00:23:20Z
painesville,Historical Restoration,https://homestars.com/on/painesville/historical-restoration,"{""category"":""Client error"",""reason"":""Not Found"",""message"":""Client error: (404) Not Found""}",,2022-11-16T00:23:20Z
painesville,Home Additions,https://homestars.com/on/painesville/home-additions,"{""category"":""Client error"",""reason"":""Not Found"",""message"":""Client error: (404) Not Found""}",,2022-11-16T00:23:20Z
painesville,Home Inspection,https://homestars.com/on/painesville/home-inspection,"{""category"":""Client error"",""reason"":""Not Found"",""message"":""Client error: (404) Not Found""}",,2022-11-16T00:23:20Z
painesville,Home Office Renovation,https://homestars.com/on/painesville/home-office-renovation,"{""category"":""Client error"",""reason"":""Not Found"",""message"":""Client error: (404) Not Found""}",,2022-11-16T00:23:20Z
painesville,Kitchen Planning & Renovation,https://homestars.com/on/painesville/kitchen-planning-renovation,"{""category"":""Client error"",""reason"":""Not Found"",""message"":""Client error: (404) Not Found""}",,2022-11-16T00:23:20Z
painesville,Renovation Cleaning,https://homestars.com/on/painesville/renovation-cleaning,"{""category"":""Client error"",""reason"":""Not Found"",""message"":""Client error: (404) Not Found""}",,2022-11-16T00:23:20Z
painesville,Architects,https://homestars.com/on/painesville/architects,"{""category"":""Client error"",""reason"":""Not Found"",""message"":""Client error: (404) Not Found""}",,2022-11-16T00:23:20Z
painesville,Builders,https://homestars.com/on/painesville/builders,"{""category"":""Client error"",""reason"":""Not Found"",""message"":""Client error: (404) Not Found""}",,2022-11-16T00:23:20Z
painesville,Concrete Contractors,https://homestars.com/on/painesville/concrete-contractors,"{""category"":""Client error"",""reason"":""Not Found"",""message"":""Client error: (404) Not Found""}",,2022-11-16T00:23:20Z
painesville,Design/Build,https://homestars.com/on/painesville/design-build,"{""category"":""Client error"",""reason"":""Not Found"",""message"":""Client error: (404) Not Found""}",,2022-11-16T00:23:20Z
painesville,Design/Project Management,https://homestars.com/on/painesville/design-project-management,"{""category"":""Client error"",""reason"":""Not Found"",""message"":""Client error: (404) Not Found""}",,2022-11-16T00:23:20Z
painesville,Drafting Service,https://homestars.com/on/painesville/drafting-service,"{""category"":""Client error"",""reason"":""Not Found"",""message"":""Client error: (404) Not Found""}",,2022-11-16T00:23:20Z
painesville,General Contractors,https://homestars.com/on/painesville/general-contractors,"{""category"":""Client error"",""reason"":""Not Found"",""message"":""Client error: (404) Not Found""}",,2022-11-16T00:23:20Z
painesville,Renovation Advisors,https://homestars.com/on/painesville/renovation-advisors,"{""category"":""Client error"",""reason"":""Not Found"",""message"":""Client error: (404) Not Found""}",,2022-11-16T00:23:20Z
painesville,Structural Engineering,https://homestars.com/on/painesville/structural-engineering,"{""category"":""Client error"",""reason"":""Not Found"",""message"":""Client error: (404) Not Found""}",,2022-11-16T00:23:20Z
painesville,Surveyors,https://homestars.com/on/painesville/surveyors,"{""category"":""Client error"",""reason"":""Not Found"",""message"":""Client error: (404) Not Found""}",,2022-11-16T00:23:20Z
painesville,Bathroom & Kitchen - Fixtures & Accessories,https://homestars.com/on/painesville/bathroom-kitchen-fixtures-accessories,"{""category"":""Client error"",""reason"":""Not Found"",""message"":""Client error: (404) Not Found""}",,2022-11-16T00:23:20Z
painesville,Cabinetry & Millwork,https://homestars.com/on/painesville/cabinetry-millwork,"{""category"":""Client error"",""reason"":""Not Found"",""message"":""Client error: (404) Not Found""}",,2022-11-16T00:23:20Z
painesville,Carpenters,https://homestars.com/on/painesville/carpenters,"{""category"":""Client error"",""reason"":""Not Found"",""message"":""Client error: (404) Not Found""}",,2022-11-16T00:23:20Z
painesville,Closet & Storage Solutions,https://homestars.com/on/painesville/closet-storage-solutions,"{""category"":""Client error"",""reason"":""Not Found"",""message"":""Client error: (404) Not Found""}",,2022-11-16T00:23:20Z
painesville,Decks,https://homestars.com/on/painesville/patios-decks,"{""category"":""Client error"",""reason"":""Not Found"",""message"":""Client error: (404) Not Found""}",,2022-11-16T00:23:20Z
painesville,"Elevators, Lifts & Ramps Installation & Service",https://homestars.com/on/painesville/elevators-lifts-ramps,"{""category"":""Client error"",""reason"":""Not Found"",""message"":""Client error: (404) Not Found""}",,2022-11-16T00:23:20Z
painesville,Framing,https://homestars.com/on/painesville/framing,"{""category"":""Client error"",""reason"":""Not Found"",""message"":""Client error: (404) Not Found""}",,2022-11-16T00:23:20Z
painesville,Kitchen & Bathroom - Cabinets & Design,https://homestars.com/on/painesville/kitchen-bathroom-cabinets-design,"{""category"":""Client error"",""reason"":""Not Found"",""message"":""Client error: (404) Not Found""}",,2022-11-16T00:23:20Z
painesville,Railings,https://homestars.com/on/painesville/railings,"{""category"":""Client error"",""reason"":""Not Found"",""message"":""Client error: (404) Not Found""}",,2022-11-16T00:23:20Z
painesville,Stair Builders,https://homestars.com/on/painesville/stair-builders,"{""category"":""Client error"",""reason"":""Not Found"",""message"":""Client error: (404) Not Found""}",,2022-11-16T00:23:20Z
painesville,Woodworking,https://homestars.com/on/painesville/woodworking,"{""category"":""Client error"",""reason"":""Not Found"",""message"":""Client error: (404) Not Found""}",,2022-11-16T00:23:20Z
painesville,Blinds Cleaning & Repairing,https://homestars.com/on/painesville/blinds-cleaning-repairing,"{""category"":""Client error"",""reason"":""Not Found"",""message"":""Client error: (404) Not Found""}",,2022-11-16T00:23:20Z
painesville,Carpet & Rug Cleaning & Repairing,https://homestars.com/on/painesville/carpet-rug-cleaning-repairing,"{""category"":""Client error"",""reason"":""Not Found"",""message"":""Client error: (404) Not Found""}",,2022-11-16T00:23:20Z
painesville,Drapery & Upholstery Cleaning,https://homestars.com/on/painesville/drapery-upholstery-cleaning,"{""category"":""Client error"",""reason"":""Not Found"",""message"":""Client error: (404) Not Found""}",,2022-11-16T00:23:20Z
painesville,Duct Cleaning,https://homestars.com/on/painesville/duct-cleaning,"{""category"":""Client error"",""reason"":""Not Found"",""message"":""Client error: (404) Not Found""}",,2022-11-16T00:23:20Z
painesville,Fire & Water Damage Restoration,https://homestars.com/on/painesville/fire-water-damage-restoration,"{""category"":""Client error"",""reason"":""Not Found"",""message"":""Client error: (404) Not Found""}",,2022-11-16T00:23:20Z
painesville,House & Apartment Cleaning,https://homestars.com/on/painesville/house-apartment-cleaning,"{""category"":""Client error"",""reason"":""Not Found"",""message"":""Client error: (404) Not Found""}",,2022-11-16T00:23:20Z
painesville,House Cleaning Exteriors,https://homestars.com/on/painesville/house-cleaning-exteriors,"{""category"":""Client error"",""reason"":""Not Found"",""message"":""Client error: (404) Not Found""}",,2022-11-16T00:23:20Z
painesville,Junk Removal,https://homestars.com/on/painesville/junk-removal,"{""category"":""Client error"",""reason"":""Not Found"",""message"":""Client error: (404) Not Found""}",,2022-11-16T00:23:20Z
painesville,Renovation Cleaning,https://homestars.com/on/painesville/renovation-cleaning,"{""category"":""Client error"",""reason"":""Not Found"",""message"":""Client error: (404) Not Found""}",,2022-11-16T00:23:20Z
painesville,"Septic Tank Cleaning, Repair & Installation",https://homestars.com/on/painesville/septic-tank-cleaning-repair-installation,"{""category"":""Client error"",""reason"":""Not Found"",""message"":""Client error: (404) Not Found""}",,2022-11-16T00:23:20Z
painesville,Tile and Grout Cleaning,https://homestars.com/on/painesville/tile-and-grout-cleaning,"{""category"":""Client error"",""reason"":""Not Found"",""message"":""Client error: (404) Not Found""}",,2022-11-16T00:23:20Z
painesville,Window & Gutter Cleaning,https://homestars.com/on/painesville/window-gutter-cleaning,"{""category"":""Client error"",""reason"":""Not Found"",""message"":""Client error: (404) Not Found""}",,2022-11-16T00:23:20Z
painesville,Chimney Build & Repair,https://homestars.com/on/painesville/chimney-build-repair,"{""category"":""Client error"",""reason"":""Not Found"",""message"":""Client error: (404) Not Found""}",,2022-11-16T00:23:20Z
painesville,Chimney Sweeps,https://homestars.com/on/painesville/chimney-sweeps,"{""category"":""Client error"",""reason"":""Not Found"",""message"":""Client error: (404) Not Found""}",,2022-11-16T00:23:20Z
painesville,Interlocking Stone,https://homestars.com/on/painesville/interlocking-stone,"{""category"":""Client error"",""reason"":""Not Found"",""message"":""Client error: (404) Not Found""}",,2022-11-16T00:23:20Z
painesville,Masonry & Bricklaying,https://homestars.com/on/painesville/masonry-bricklaying,"{""category"":""Client error"",""reason"":""Not Found"",""message"":""Client error: (404) Not Found""}",,2022-11-16T00:23:20Z
painesville,Tuck Pointing,https://homestars.com/on/painesville/chimney-tuck-pointing,"{""category"":""Client error"",""reason"":""Not Found"",""message"":""Client error: (404) Not Found""}",,2022-11-16T00:23:20Z
painesville,Waterproofing,https://homestars.com/on/painesville/waterproofing,"{""category"":""Client error"",""reason"":""Not Found"",""message"":""Client error: (404) Not Found""}",,2022-11-16T00:23:20Z
painesville,Bathroom & Kitchen - Fixtures & Accessories,https://homestars.com/on/painesville/bathroom-kitchen-fixtures-accessories,"{""category"":""Client error"",""reason"":""Not Found"",""message"":""Client error: (404) Not Found""}",,2022-11-16T00:23:20Z
painesville,"Game Rooms, Entertainment",https://homestars.com/on/painesville/game-rooms-entertainment,"{""category"":""Client error"",""reason"":""Not Found"",""message"":""Client error: (404) Not Found""}",,2022-11-16T00:23:20Z
painesville,Garage Design & Organization,https://homestars.com/on/painesville/garage-design-organization,"{""category"":""Client error"",""reason"":""Not Found"",""message"":""Client error: (404) Not Found""}",,2022-11-16T00:23:20Z
painesville,Home Staging,https://homestars.com/on/painesville/staging,"{""category"":""Client error"",""reason"":""Not Found"",""message"":""Client error: (404) Not Found""}",,2022-11-16T00:23:20Z
painesville,Interior Decorators,https://homestars.com/on/painesville/interior-decorators,"{""category"":""Client error"",""reason"":""Not Found"",""message"":""Client error: (404) Not Found""}",,2022-11-16T00:23:20Z
painesville,Interior Design,https://homestars.com/on/painesville/interior-design,"{""category"":""Client error"",""reason"":""Not Found"",""message"":""Client error: (404) Not Found""}",,2022-11-16T00:23:20Z
painesville,Kitchen & Bathroom - Cabinets & Design,https://homestars.com/on/painesville/kitchen-bathroom-cabinets-design,"{""category"":""Client error"",""reason"":""Not Found"",""message"":""Client error: (404) Not Found""}",,2022-11-16T00:23:20Z
painesville,Alarm Systems,https://homestars.com/on/painesville/alarm-systems,"{""category"":""Client error"",""reason"":""Not Found"",""message"":""Client error: (404) Not Found""}",,2022-11-16T00:23:20Z
painesville,Appliance Repair,https://homestars.com/on/painesville/appliance-repair,"{""category"":""Client error"",""reason"":""Not Found"",""message"":""Client error: (404) Not Found""}",,2022-11-16T00:23:20Z
painesville,Appliance Retailers,https://homestars.com/on/painesville/appliance-retailers,"{""category"":""Client error"",""reason"":""Not Found"",""message"":""Client error: (404) Not Found""}",,2022-11-16T00:23:20Z
painesville,Computer Repairs and Support,https://homestars.com/on/painesville/computer-repairs-service,"{""category"":""Client error"",""reason"":""Not Found"",""message"":""Client error: (404) Not Found""}",,2022-11-16T00:23:20Z
painesville,Electricians,https://homestars.com/on/painesville/electricians,"{""category"":""Client error"",""reason"":""Not Found"",""message"":""Client error: (404) Not Found""}",,2022-11-16T00:23:20Z
painesville,Electronic Repairs,https://homestars.com/on/painesville/electronic-repairs,"{""category"":""Client error"",""reason"":""Not Found"",""message"":""Client error: (404) Not Found""}",,2022-11-16T00:23:20Z
painesville,Home Automation,https://homestars.com/on/painesville/home-automation,"{""category"":""Client error"",""reason"":""Not Found"",""message"":""Client error: (404) Not Found""}",,2022-11-16T00:23:20Z
painesville,Home Theater,https://homestars.com/on/painesville/home-theater,"{""category"":""Client error"",""reason"":""Not Found"",""message"":""Client error: (404) Not Found""}",,2022-11-16T00:23:20Z
painesville,Lighting,https://homestars.com/on/painesville/lighting,"{""category"":""Client error"",""reason"":""Not Found"",""message"":""Client error: (404) Not Found""}",,2022-11-16T00:23:20Z
painesville,Satellite Sales & Service,https://homestars.com/on/painesville/satellite-sales-service,"{""category"":""Client error"",""reason"":""Not Found"",""message"":""Client error: (404) Not Found""}",,2022-11-16T00:23:20Z
painesville,Vacuum Sales & Service,https://homestars.com/on/painesville/vacuum-sales-service,"{""category"":""Client error"",""reason"":""Not Found"",""message"":""Client error: (404) Not Found""}",,2022-11-16T00:23:20Z
painesville,Carpet & Rug Retailers,https://homestars.com/on/painesville/carpet-rug-retailers,"{""category"":""Client error"",""reason"":""Not Found"",""message"":""Client error: (404) Not Found""}",,2022-11-16T00:23:20Z
painesville,Carpet Installers,https://homestars.com/on/painesville/carpet-installers,"{""category"":""Client error"",""reason"":""Not Found"",""message"":""Client error: (404) Not Found""}",,2022-11-16T00:23:20Z
painesville,Concrete Contractors,https://homestars.com/on/painesville/concrete-contractors,"{""category"":""Client error"",""reason"":""Not Found"",""message"":""Client error: (404) Not Found""}",,2022-11-16T00:23:20Z
painesville,Decorative Concrete,https://homestars.com/on/painesville/decorative-concrete,"{""category"":""Client error"",""reason"":""Not Found"",""message"":""Client error: (404) Not Found""}",,2022-11-16T00:23:20Z
painesville,Floor Laying & Refinishing,https://homestars.com/on/painesville/floor-laying-refinishing,"{""category"":""Client error"",""reason"":""Not Found"",""message"":""Client error: (404) Not Found""}",,2022-11-16T00:23:20Z
painesville,Floor Retailers,https://homestars.com/on/painesville/floor-retailers,"{""category"":""Client error"",""reason"":""Not Found"",""message"":""Client error: (404) Not Found""}",,2022-11-16T00:23:20Z
painesville,Interlocking Stone,https://homestars.com/on/painesville/interlocking-stone,"{""category"":""Client error"",""reason"":""Not Found"",""message"":""Client error: (404) Not Found""}",,2022-11-16T00:23:20Z
painesville,Masonry & Bricklaying,https://homestars.com/on/painesville/masonry-bricklaying,"{""category"":""Client error"",""reason"":""Not Found"",""message"":""Client error: (404) Not Found""}",,2022-11-16T00:23:20Z
painesville,Tile & Stone Contractors,https://homestars.com/on/painesville/tile-stone-contractors,"{""category"":""Client error"",""reason"":""Not Found"",""message"":""Client error: (404) Not Found""}",,2022-11-16T00:23:20Z
painesville,Tuck Pointing,https://homestars.com/on/painesville/chimney-tuck-pointing,"{""category"":""Client error"",""reason"":""Not Found"",""message"":""Client error: (404) Not Found""}",,2022-11-16T00:23:20Z
painesville,Excavation,https://homestars.com/on/painesville/excavation-demolition,"{""category"":""Client error"",""reason"":""Not Found"",""message"":""Client error: (404) Not Found""}",,2022-11-16T00:23:20Z
painesville,Foundations,https://homestars.com/on/painesville/foundations,"{""category"":""Client error"",""reason"":""Not Found"",""message"":""Client error: (404) Not Found""}",,2022-11-16T00:23:20Z
painesville,Interlocking Stone,https://homestars.com/on/painesville/interlocking-stone,"{""category"":""Client error"",""reason"":""Not Found"",""message"":""Client error: (404) Not Found""}",,2022-11-16T00:23:20Z
painesville,Masonry & Bricklaying,https://homestars.com/on/painesville/masonry-bricklaying,"{""category"":""Client error"",""reason"":""Not Found"",""message"":""Client error: (404) Not Found""}",,2022-11-16T00:23:20Z
painesville,Tuck Pointing,https://homestars.com/on/painesville/chimney-tuck-pointing,"{""category"":""Client error"",""reason"":""Not Found"",""message"":""Client error: (404) Not Found""}",,2022-11-16T00:23:20Z
painesville,Waterproofing,https://homestars.com/on/painesville/waterproofing,"{""category"":""Client error"",""reason"":""Not Found"",""message"":""Client error: (404) Not Found""}",,2022-11-16T00:23:20Z
painesville,Furniture,https://homestars.com/on/painesville/furniture,"{""category"":""Client error"",""reason"":""Not Found"",""message"":""Client error: (404) Not Found""}",,2022-11-16T00:23:20Z
painesville,Furniture Designers & Custom Builders,https://homestars.com/on/painesville/furniture-designers-custom-builders,"{""category"":""Client error"",""reason"":""Not Found"",""message"":""Client error: (404) Not Found""}",,2022-11-16T00:23:20Z
painesville,Furniture Refinish & Repair,https://homestars.com/on/painesville/furniture-refinish-repair,"{""category"":""Client error"",""reason"":""Not Found"",""message"":""Client error: (404) Not Found""}",,2022-11-16T00:23:20Z
painesville,Furniture Rental,https://homestars.com/on/painesville/furniture-rental,"{""category"":""Client error"",""reason"":""Not Found"",""message"":""Client error: (404) Not Found""}",,2022-11-16T00:23:20Z
painesville,Home Staging,https://homestars.com/on/painesville/staging,"{""category"":""Client error"",""reason"":""Not Found"",""message"":""Client error: (404) Not Found""}",,2022-11-16T00:23:20Z
painesville,Upholsterers,https://homestars.com/on/painesville/upholsterers,"{""category"":""Client error"",""reason"":""Not Found"",""message"":""Client error: (404) Not Found""}",,2022-11-16T00:23:20Z
painesville,Closet & Storage Solutions,https://homestars.com/on/painesville/closet-storage-solutions,"{""category"":""Client error"",""reason"":""Not Found"",""message"":""Client error: (404) Not Found""}",,2022-11-16T00:23:20Z
painesville,Garage Design & Organization,https://homestars.com/on/painesville/garage-design-organization,"{""category"":""Client error"",""reason"":""Not Found"",""message"":""Client error: (404) Not Found""}",,2022-11-16T00:23:20Z
painesville,Garage Doors & Hardware,https://homestars.com/on/painesville/garage-doors-hardware,"{""category"":""Client error"",""reason"":""Not Found"",""message"":""Client error: (404) Not Found""}",,2022-11-16T00:23:20Z
painesville,Junk Removal,https://homestars.com/on/painesville/junk-removal,"{""category"":""Client error"",""reason"":""Not Found"",""message"":""Client error: (404) Not Found""}",,2022-11-16T00:23:20Z
painesville,Moving & Storage,https://homestars.com/on/painesville/moving-storage,"{""category"":""Client error"",""reason"":""Not Found"",""message"":""Client error: (404) Not Found""}",,2022-11-16T00:23:20Z
painesville,Organizing Products & Services,https://homestars.com/on/painesville/organizing-products-services,"{""category"":""Client error"",""reason"":""Not Found"",""message"":""Client error: (404) Not Found""}",,2022-11-16T00:23:20Z
painesville,Electrical Vehicle Charging,https://homestars.com/on/painesville/electrical-vehicle-charging,"{""category"":""Client error"",""reason"":""Not Found"",""message"":""Client error: (404) Not Found""}",,2022-11-16T00:23:20Z
painesville,Green Products & Services,https://homestars.com/on/painesville/green-products-services,"{""category"":""Client error"",""reason"":""Not Found"",""message"":""Client error: (404) Not Found""}",,2022-11-16T00:23:20Z
painesville,Renewable Energy,https://homestars.com/on/painesville/renewable-energy,"{""category"":""Client error"",""reason"":""Not Found"",""message"":""Client error: (404) Not Found""}",,2022-11-16T00:23:20Z
painesville,Skylight Installation & Repair,https://homestars.com/on/painesville/skylights,"{""category"":""Client error"",""reason"":""Not Found"",""message"":""Client error: (404) Not Found""}",,2022-11-16T00:23:20Z
painesville,Solar Panels,https://homestars.com/on/painesville/solar-panels,"{""category"":""Client error"",""reason"":""Not Found"",""message"":""Client error: (404) Not Found""}",,2022-11-16T00:23:20Z
painesville,Solar Water Heating,https://homestars.com/on/painesville/solar-water-heating,"{""category"":""Client error"",""reason"":""Not Found"",""message"":""Client error: (404) Not Found""}",,2022-11-16T00:23:20Z
painesville,"Sunrooms, Solariums & Greenhouses",https://homestars.com/on/painesville/sunrooms-solariums-greenhouses,"{""category"":""Client error"",""reason"":""Not Found"",""message"":""Client error: (404) Not Found""}",,2022-11-16T00:23:20Z
painesville,Appliance Repair,https://homestars.com/on/painesville/appliance-repair,"{""category"":""Client error"",""reason"":""Not Found"",""message"":""Client error: (404) Not Found""}",,2022-11-16T00:23:20Z
painesville,Building Supplies and Hardware,https://homestars.com/on/painesville/building-supplies-and-hardware,"{""category"":""Client error"",""reason"":""Not Found"",""message"":""Client error: (404) Not Found""}",,2022-11-16T00:23:20Z
painesville,Electricians,https://homestars.com/on/painesville/electricians,"{""category"":""Client error"",""reason"":""Not Found"",""message"":""Client error: (404) Not Found""}",,2022-11-16T00:23:20Z
painesville,Handyman Services,https://homestars.com/on/painesville/handyman-services,"{""category"":""Client error"",""reason"":""Not Found"",""message"":""Client error: (404) Not Found""}",,2022-11-16T00:23:20Z
painesville,Lighting,https://homestars.com/on/painesville/lighting,"{""category"":""Client error"",""reason"":""Not Found"",""message"":""Client error: (404) Not Found""}",,2022-11-16T00:23:20Z
painesville,Paint & Wallpaper Contractors,https://homestars.com/on/painesville/paint-wallpaper-contractors,"{""category"":""Client error"",""reason"":""Not Found"",""message"":""Client error: (404) Not Found""}",,2022-11-16T00:23:20Z
painesville,Plumbing,https://homestars.com/on/painesville/plumbing,"{""category"":""Client error"",""reason"":""Not Found"",""message"":""Client error: (404) Not Found""}",,2022-11-16T00:23:20Z
painesville,BBQ Equipment & Service,https://homestars.com/on/painesville/bbq-equipment-service,"{""category"":""Client error"",""reason"":""Not Found"",""message"":""Client error: (404) Not Found""}",,2022-11-16T00:23:20Z
painesville,Duct Cleaning,https://homestars.com/on/painesville/duct-cleaning,"{""category"":""Client error"",""reason"":""Not Found"",""message"":""Client error: (404) Not Found""}",,2022-11-16T00:23:20Z
painesville,Fireplace Mantels,https://homestars.com/on/painesville/fireplace-mantels,"{""category"":""Client error"",""reason"":""Not Found"",""message"":""Client error: (404) Not Found""}",,2022-11-16T00:23:20Z
painesville,Fireplaces,https://homestars.com/on/painesville/fireplaces,"{""category"":""Client error"",""reason"":""Not Found"",""message"":""Client error: (404) Not Found""}",,2022-11-16T00:23:20Z
painesville,Gas Line Installation,https://homestars.com/on/painesville/gas-line-installation,"{""category"":""Client error"",""reason"":""Not Found"",""message"":""Client error: (404) Not Found""}",,2022-11-16T00:23:20Z
painesville,Heating & Air Conditioning,https://homestars.com/on/painesville/heating-air-conditioning,"{""category"":""Client error"",""reason"":""Not Found"",""message"":""Client error: (404) Not Found""}",,2022-11-16T00:23:20Z
painesville,BBQ Equipment & Service,https://homestars.com/on/painesville/bbq-equipment-service,"{""category"":""Client error"",""reason"":""Not Found"",""message"":""Client error: (404) Not Found""}",,2022-11-16T00:23:20Z
painesville,Concrete Contractors,https://homestars.com/on/painesville/concrete-contractors,"{""category"":""Client error"",""reason"":""Not Found"",""message"":""Client error: (404) Not Found""}",,2022-11-16T00:23:20Z
painesville,Decks,https://homestars.com/on/painesville/patios-decks,"{""category"":""Client error"",""reason"":""Not Found"",""message"":""Client error: (404) Not Found""}",,2022-11-16T00:23:20Z
painesville,Decorative Concrete,https://homestars.com/on/painesville/decorative-concrete,"{""category"":""Client error"",""reason"":""Not Found"",""message"":""Client error: (404) Not Found""}",,2022-11-16T00:23:20Z
painesville,Excavation,https://homestars.com/on/painesville/excavation-demolition,"{""category"":""Client error"",""reason"":""Not Found"",""message"":""Client error: (404) Not Found""}",,2022-11-16T00:23:20Z
painesville,Fences & Gates,https://homestars.com/on/painesville/fences-gates,"{""category"":""Client error"",""reason"":""Not Found"",""message"":""Client error: (404) Not Found""}",,2022-11-16T00:23:20Z
painesville,Garden Maintenance,https://homestars.com/on/painesville/garden-maintenance,"{""category"":""Client error"",""reason"":""Not Found"",""message"":""Client error: (404) Not Found""}",,2022-11-16T00:23:20Z
painesville,Gazebos & Sheds,https://homestars.com/on/painesville/gazebos-sheds,"{""category"":""Client error"",""reason"":""Not Found"",""message"":""Client error: (404) Not Found""}",,2022-11-16T00:23:20Z
painesville,Interlocking Stone,https://homestars.com/on/painesville/interlocking-stone,"{""category"":""Client error"",""reason"":""Not Found"",""message"":""Client error: (404) Not Found""}",,2022-11-16T00:23:20Z
painesville,Landscape Architects,https://homestars.com/on/painesville/landscape-architects,"{""category"":""Client error"",""reason"":""Not Found"",""message"":""Client error: (404) Not Found""}",,2022-11-16T00:23:20Z
painesville,Landscape Contractors & Designers,https://homestars.com/on/painesville/landscape-contractors-designers,"{""category"":""Client error"",""reason"":""Not Found"",""message"":""Client error: (404) Not Found""}",,2022-11-16T00:23:20Z
painesville,Landscape Lighting,https://homestars.com/on/painesville/landscape-lighting,"{""category"":""Client error"",""reason"":""Not Found"",""message"":""Client error: (404) Not Found""}",,2022-11-16T00:23:20Z
painesville,Lawn Maintenance,https://homestars.com/on/painesville/lawn-maintenance,"{""category"":""Client error"",""reason"":""Not Found"",""message"":""Client error: (404) Not Found""}",,2022-11-16T00:23:20Z
painesville,Masonry & Bricklaying,https://homestars.com/on/painesville/masonry-bricklaying,"{""category"":""Client error"",""reason"":""Not Found"",""message"":""Client error: (404) Not Found""}",,2022-11-16T00:23:20Z
painesville,Sprinkler Systems,https://homestars.com/on/painesville/sprinkler-systems,"{""category"":""Client error"",""reason"":""Not Found"",""message"":""Client error: (404) Not Found""}",,2022-11-16T00:23:20Z
painesville,"Swimming Pools, Spas & Hot Tubs",https://homestars.com/on/painesville/swimming-pools-spas-hot-tubs,"{""category"":""Client error"",""reason"":""Not Found"",""message"":""Client error: (404) Not Found""}",,2022-11-16T00:23:20Z
painesville,Tree Service,https://homestars.com/on/painesville/tree-service,"{""category"":""Client error"",""reason"":""Not Found"",""message"":""Client error: (404) Not Found""}",,2022-11-16T00:23:20Z
painesville,Weed Control,https://homestars.com/on/painesville/weed-control,"{""category"":""Client error"",""reason"":""Not Found"",""message"":""Client error: (404) Not Found""}",,2022-11-16T00:23:20Z
painesville,Closet & Storage Solutions,https://homestars.com/on/painesville/closet-storage-solutions,"{""category"":""Client error"",""reason"":""Not Found"",""message"":""Client error: (404) Not Found""}",,2022-11-16T00:23:20Z
painesville,Junk Removal,https://homestars.com/on/painesville/junk-removal,"{""category"":""Client error"",""reason"":""Not Found"",""message"":""Client error: (404) Not Found""}",,2022-11-16T00:23:20Z
painesville,Moving & Storage,https://homestars.com/on/painesville/moving-storage,"{""category"":""Client error"",""reason"":""Not Found"",""message"":""Client error: (404) Not Found""}",,2022-11-16T00:23:20Z
painesville,Organizing Products & Services,https://homestars.com/on/painesville/organizing-products-services,"{""category"":""Client error"",""reason"":""Not Found"",""message"":""Client error: (404) Not Found""}",,2022-11-16T00:23:20Z
painesville,Piano Moving & Tuning,https://homestars.com/on/painesville/piano-moving-tuning,"{""category"":""Client error"",""reason"":""Not Found"",""message"":""Client error: (404) Not Found""}",,2022-11-16T00:23:20Z
painesville,Self Storage,https://homestars.com/on/painesville/self-storage,"{""category"":""Client error"",""reason"":""Not Found"",""message"":""Client error: (404) Not Found""}",,2022-11-16T00:23:20Z
painesville,Drain Services,https://homestars.com/on/painesville/drain-services,"{""category"":""Client error"",""reason"":""Not Found"",""message"":""Client error: (404) Not Found""}",,2022-11-16T00:23:20Z
painesville,Drainage Contractors,https://homestars.com/on/painesville/drainage-contractors,"{""category"":""Client error"",""reason"":""Not Found"",""message"":""Client error: (404) Not Found""}",,2022-11-16T00:23:20Z
painesville,Excavation,https://homestars.com/on/painesville/excavation-demolition,"{""category"":""Client error"",""reason"":""Not Found"",""message"":""Client error: (404) Not Found""}",,2022-11-16T00:23:20Z
painesville,Plumbing,https://homestars.com/on/painesville/plumbing,"{""category"":""Client error"",""reason"":""Not Found"",""message"":""Client error: (404) Not Found""}",,2022-11-16T00:23:20Z
painesville,"Septic Tank Cleaning, Repair & Installation",https://homestars.com/on/painesville/septic-tank-cleaning-repair-installation,"{""category"":""Client error"",""reason"":""Not Found"",""message"":""Client error: (404) Not Found""}",,2022-11-16T00:23:20Z
painesville,Sprinkler Systems,https://homestars.com/on/painesville/sprinkler-systems,"{""category"":""Client error"",""reason"":""Not Found"",""message"":""Client error: (404) Not Found""}",,2022-11-16T00:23:20Z
painesville,Water Filtration & Purification,https://homestars.com/on/painesville/water-filtration-purification,"{""category"":""Client error"",""reason"":""Not Found"",""message"":""Client error: (404) Not Found""}",,2022-11-16T00:23:20Z
painesville,Gutters & Eavestroughs,https://homestars.com/on/painesville/gutters-eavestroughs,"{""category"":""Client error"",""reason"":""Not Found"",""message"":""Client error: (404) Not Found""}",,2022-11-16T00:23:20Z
painesville,Roofing,https://homestars.com/on/painesville/roofing,"{""category"":""Client error"",""reason"":""Not Found"",""message"":""Client error: (404) Not Found""}",,2022-11-16T00:23:20Z
painesville,Skylight Installation & Repair,https://homestars.com/on/painesville/skylights,"{""category"":""Client error"",""reason"":""Not Found"",""message"":""Client error: (404) Not Found""}",,2022-11-16T00:23:20Z
painesville,Alarm Systems,https://homestars.com/on/painesville/alarm-systems,"{""category"":""Client error"",""reason"":""Not Found"",""message"":""Client error: (404) Not Found""}",,2022-11-16T00:23:20Z
painesville,"Asbestos, Lead, and Radon Removal",https://homestars.com/on/painesville/asbestos-lead-removal,"{""category"":""Client error"",""reason"":""Not Found"",""message"":""Client error: (404) Not Found""}",,2022-11-16T00:23:20Z
painesville,Home Inspection,https://homestars.com/on/painesville/home-inspection,"{""category"":""Client error"",""reason"":""Not Found"",""message"":""Client error: (404) Not Found""}",,2022-11-16T00:23:20Z
painesville,Mold Detection & Removal,https://homestars.com/on/painesville/mold-detection-removal,"{""category"":""Client error"",""reason"":""Not Found"",""message"":""Client error: (404) Not Found""}",,2022-11-16T00:23:20Z
painesville,Pest & Animal Control,https://homestars.com/on/painesville/pest-animal-control,"{""category"":""Client error"",""reason"":""Not Found"",""message"":""Client error: (404) Not Found""}",,2022-11-16T00:23:20Z
painesville,Snow Removal,https://homestars.com/on/painesville/snow-removal,"{""category"":""Client error"",""reason"":""Not Found"",""message"":""Client error: (404) Not Found""}",,2022-11-16T00:23:20Z
painesville,Siding,https://homestars.com/on/painesville/siding,"{""category"":""Client error"",""reason"":""Not Found"",""message"":""Client error: (404) Not Found""}",,2022-11-16T00:23:20Z
painesville,Stucco,https://homestars.com/on/painesville/stucco,"{""category"":""Client error"",""reason"":""Not Found"",""message"":""Client error: (404) Not Found""}",,2022-11-16T00:23:20Z
painesville,Art Metal Work,https://homestars.com/on/painesville/art-metal-work,"{""category"":""Client error"",""reason"":""Not Found"",""message"":""Client error: (404) Not Found""}",,2022-11-16T00:23:20Z
painesville,BBQ Equipment & Service,https://homestars.com/on/painesville/bbq-equipment-service,"{""category"":""Client error"",""reason"":""Not Found"",""message"":""Client error: (404) Not Found""}",,2022-11-16T00:23:20Z
painesville,Decorative Concrete,https://homestars.com/on/painesville/decorative-concrete,"{""category"":""Client error"",""reason"":""Not Found"",""message"":""Client error: (404) Not Found""}",,2022-11-16T00:23:20Z
painesville,"Elevators, Lifts & Ramps Installation & Service",https://homestars.com/on/painesville/elevators-lifts-ramps,"{""category"":""Client error"",""reason"":""Not Found"",""message"":""Client error: (404) Not Found""}",,2022-11-16T00:23:20Z
painesville,Concrete Contractors,https://homestars.com/on/painesville/concrete-contractors,"{""category"":""Client error"",""reason"":""Not Found"",""message"":""Client error: (404) Not Found""}",,2022-11-16T00:23:20Z
painesville,Countertops,https://homestars.com/on/painesville/countertops,"{""category"":""Client error"",""reason"":""Not Found"",""message"":""Client error: (404) Not Found""}",,2022-11-16T00:23:20Z
painesville,Decorative Concrete,https://homestars.com/on/painesville/decorative-concrete,"{""category"":""Client error"",""reason"":""Not Found"",""message"":""Client error: (404) Not Found""}",,2022-11-16T00:23:20Z
painesville,Interlocking Stone,https://homestars.com/on/painesville/interlocking-stone,"{""category"":""Client error"",""reason"":""Not Found"",""message"":""Client error: (404) Not Found""}",,2022-11-16T00:23:20Z
painesville,Masonry & Bricklaying,https://homestars.com/on/painesville/masonry-bricklaying,"{""category"":""Client error"",""reason"":""Not Found"",""message"":""Client error: (404) Not Found""}",,2022-11-16T00:23:20Z
painesville,Paving Contractors,https://homestars.com/on/painesville/paving-contractors,"{""category"":""Client error"",""reason"":""Not Found"",""message"":""Client error: (404) Not Found""}",,2022-11-16T00:23:20Z
painesville,Tile & Stone Contractors,https://homestars.com/on/painesville/tile-stone-contractors,"{""category"":""Client error"",""reason"":""Not Found"",""message"":""Client error: (404) Not Found""}",,2022-11-16T00:23:20Z
painesville,Tile and Grout Cleaning,https://homestars.com/on/painesville/tile-and-grout-cleaning,"{""category"":""Client error"",""reason"":""Not Found"",""message"":""Client error: (404) Not Found""}",,2022-11-16T00:23:20Z
painesville,Tuck Pointing,https://homestars.com/on/painesville/chimney-tuck-pointing,"{""category"":""Client error"",""reason"":""Not Found"",""message"":""Client error: (404) Not Found""}",,2022-11-16T00:23:20Z
painesville,Drywall Contractors,https://homestars.com/on/painesville/drywall-contractors,"{""category"":""Client error"",""reason"":""Not Found"",""message"":""Client error: (404) Not Found""}",,2022-11-16T00:23:20Z
painesville,Insulation,https://homestars.com/on/painesville/insulation,"{""category"":""Client error"",""reason"":""Not Found"",""message"":""Client error: (404) Not Found""}",,2022-11-16T00:23:20Z
painesville,Paint & Wallpaper Contractors,https://homestars.com/on/painesville/paint-wallpaper-contractors,"{""category"":""Client error"",""reason"":""Not Found"",""message"":""Client error: (404) Not Found""}",,2022-11-16T00:23:20Z
painesville,Plastering,https://homestars.com/on/painesville/plastering,"{""category"":""Client error"",""reason"":""Not Found"",""message"":""Client error: (404) Not Found""}",,2022-11-16T00:23:20Z
painesville,Stucco,https://homestars.com/on/painesville/stucco,"{""category"":""Client error"",""reason"":""Not Found"",""message"":""Client error: (404) Not Found""}",,2022-11-16T00:23:20Z
painesville,Trim and Moldings,https://homestars.com/on/painesville/moldings,"{""category"":""Client error"",""reason"":""Not Found"",""message"":""Client error: (404) Not Found""}",,2022-11-16T00:23:20Z
painesville,Awnings & Canopies,https://homestars.com/on/painesville/awnings-canopies,"{""category"":""Client error"",""reason"":""Not Found"",""message"":""Client error: (404) Not Found""}",,2022-11-16T00:23:20Z
painesville,Bathroom & Kitchen - Fixtures & Accessories,https://homestars.com/on/painesville/bathroom-kitchen-fixtures-accessories,"{""category"":""Client error"",""reason"":""Not Found"",""message"":""Client error: (404) Not Found""}",,2022-11-16T00:23:20Z
painesville,Blinds Cleaning & Repairing,https://homestars.com/on/painesville/blinds-cleaning-repairing,"{""category"":""Client error"",""reason"":""Not Found"",""message"":""Client error: (404) Not Found""}",,2022-11-16T00:23:20Z
painesville,Drapery & Curtains,https://homestars.com/on/painesville/drapery-curtains,"{""category"":""Client error"",""reason"":""Not Found"",""message"":""Client error: (404) Not Found""}",,2022-11-16T00:23:20Z
painesville,Drapery & Upholstery Cleaning,https://homestars.com/on/painesville/drapery-upholstery-cleaning,"{""category"":""Client error"",""reason"":""Not Found"",""message"":""Client error: (404) Not Found""}",,2022-11-16T00:23:20Z
painesville,Locks & Locksmiths,https://homestars.com/on/painesville/locks-locksmiths,"{""category"":""Client error"",""reason"":""Not Found"",""message"":""Client error: (404) Not Found""}",,2022-11-16T00:23:20Z
painesville,Mirrors & Glass,https://homestars.com/on/painesville/mirrors-glass,"{""category"":""Client error"",""reason"":""Not Found"",""message"":""Client error: (404) Not Found""}",,2022-11-16T00:23:20Z
painesville,Shutters & Blinds,https://homestars.com/on/painesville/shutters-blinds,"{""category"":""Client error"",""reason"":""Not Found"",""message"":""Client error: (404) Not Found""}",,2022-11-16T00:23:20Z
painesville,Skylight Installation & Repair,https://homestars.com/on/painesville/skylights,"{""category"":""Client error"",""reason"":""Not Found"",""message"":""Client error: (404) Not Found""}",,2022-11-16T00:23:20Z
painesville,Window & Gutter Cleaning,https://homestars.com/on/painesville/window-gutter-cleaning,"{""category"":""Client error"",""reason"":""Not Found"",""message"":""Client error: (404) Not Found""}",,2022-11-16T00:23:20Z
painesville,Windows & Doors Installation & Service,https://homestars.com/on/painesville/windows-doors,"{""category"":""Client error"",""reason"":""Not Found"",""message"":""Client error: (404) Not Found""}",,2022-11-16T00:23:20Z
